0 8.12000000001
1 4.54924107924268
2 3.93747922189336
3 3.1235938919404
4 2.49393349638789
5 2.01025057649253
6 1.62762069801555
7 1.32035767975088
8 1.07312849805705
9 0.873869067309454
10 0.713068543260826
11 0.583160401244988
12 0.478095364046256
13 0.393023922241916
14 0.324054194486272
15 0.268060738400388
16 0.222532287366793
17 0.185450074803464
18 0.15519045518338
19 0.130446907573508
20 0.11016753394341
21 0.0935049556079691
22 0.0797761350241375
23 0.0684301461548699
24 0.0590223122482035
25 0.0511934458828809
26 0.0446531786953847
27 0.039166570137305
28 0.0345433461090738
29 0.0306292475039481
30 0.0272990720619456
31 0.0244510756575408
32 0.0220024653650128
33 0.0198857696670593
34 0.0180459136370198
35 0.0164378609437324
36 0.0150247117880362
37 0.0137761677302235
38 0.0126672918870549
39 0.0116775070280063
40 0.0107897853734001
41 0.00998999294418823
42 0.00926635857636952
43 0.00860904354611679
44 0.00800979243794576
45 0.00746164965455333
46 0.00695872899504985
47 0.00649602616385756
48 0.00606926603229609
49 0.00567477805243679
50 0.005309394493261
51 0.00497036719274296
52 0.00465529934453967
53 0.00436208950332422
54 0.00408888552961571
55 0.00383404662828528
56 0.00359611198488073
57 0.00337377478669654
58 0.00316586064413979
59 0.00297130961287869
60 0.00278916116694337
61 0.00261854159416694
62 0.00245865338358164
63 0.00230876625402925
64 0.00216820953786358
65 0.00203636568608551
66 0.00191266470387311
67 0.00179657936012195
68 0.00168762104280467
69 0.0015853361549158
70 0.00148930296447632
71 0.00139912883733132
72 0.00131444779393166
73 0.00123491834146997
74 0.00116022154106913
75 0.001090059276541
76 0.00102415269682489
77 0.000962240808806441
78 0.00090407920099184
79 0.00084943888162039
80 0.000798105217362076
81 0.000749876960864804
82 0.000704565357169871
83 0.000661993320469303
84 0.00062199467388892
85 0.0005844134459901
86 0.000549103218526948
87 0.00051592652070323
88 0.000484754265768812
89 0.000455465226298098
90 0.000427945544919058
91 0.000402088277623948
92 0.000377792967102676
93 0.000354965243805621
94 0.000333516452671974
95 0.000313363303658285
96 0.000294427544374758
97 0.000276635653288103
98 0.000259918552082686
99 0.000244211335889182
100 0.000229453020194236
101 0.000215586303337602
102 0.000202557343586611
103 0.000190315549852791
104 0.000178813385183271
105 0.000168006182221102
106 0.00015785196988462
107 0.00014831131056719
108 0.000139347147205561
109 0.000130924659608218
110 0.000123011129474867
111 0.00011557581357492
112 0.000108589824586882
113 0.000102026019132094
114 9.58588925655935e-05
115 9.00644801142005e-05
116 8.462026397732e-05
117 7.95050860297425e-05
118 7.46990657878699e-05
119 7.01835233215376e-05
120 6.59409068130056e-05
121 6.19547244828501e-05
122 5.82094806195148e-05
123 5.46906154652289e-05
124 5.13844487259643e-05
125 4.82781264871422e-05
126 4.53595713299728e-05
127 4.26174354556816e-05
128 4.00410566364865e-05
129 3.76204168231007e-05
130 3.53461032487788e-05
131 3.32092718795525e-05
132 3.12016130693435e-05
133 2.93153192871436e-05
134 2.75430547914353e-05
135 2.58779271345356e-05
136 2.43134603865994e-05
137 2.28435699756496e-05
138 2.14625390462349e-05
139 2.01649962451733e-05
140 1.89458948483482e-05
141 1.78004931476988e-05
142 1.67243360224111e-05
143 1.57132376228936e-05
144 1.47632651004152e-05
145 1.38707233193282e-05
146 1.30321404925953e-05
147 1.22442546849114e-05
148 1.15040011310648e-05
149 1.08085003203379e-05
150 1.0155046800713e-05
151 9.54109865943282e-06
152 8.96426763908727e-06
153 8.42230985085656e-06
154 7.91311704885683e-06
155 7.43470843170696e-06
156 6.98522293947953e-06
157 6.56291201611897e-06
158 6.16613280921498e-06
159 5.79334178071542e-06
160 5.44308870375672e-06
161 5.11401102228812e-06
162 4.80482855157361e-06
163 4.5143384989782e-06
164 4.2414107856888e-06
165 3.98498365118755e-06
166 3.74405952339384e-06
167 3.51770113842241e-06
168 3.30502789487458e-06
169 3.10521242849031e-06
170 2.91747739384497e-06
171 2.74109244057891e-06
172 2.57537137240351e-06
173 2.41966947783791e-06
174 2.27338102229758e-06
175 2.13593689178305e-06
176 2.00680237900635e-06
177 1.88547510334605e-06
178 1.77148305654233e-06
179 1.66438276653186e-06
180 1.56375757228183e-06
181 1.46921600291377e-06
182 1.38039025481345e-06
183 1.29693476080376e-06
184 1.21852484581585e-06
185 1.14485546382977e-06
186 1.07564001117204e-06
187 1.01060921155441e-06
188 9.49510068517059e-07
189 8.92104881201712e-07
190 8.38170319626154e-07
191 7.87496555863342e-07
192 7.39886447745499e-07
193 6.95154771917966e-07
194 6.5312750325946e-07
195 6.13641137865768e-07
196 5.76542056963293e-07
197 5.41685929278095e-07
198 5.08937149535636e-07
199 4.78168310906963e-07
200 4.49259709349102e-07
201 4.22098877911515e-07
202 3.96580149196992e-07
203 3.72604244274908e-07
204 3.50077886447656e-07
205 3.28913438367697e-07
206 3.09028561093599e-07
207 2.90345893758666e-07
208 2.72792752606029e-07
209 2.5630084821935e-07
210 2.40806019849109e-07
211 2.26247985800914e-07
212 2.12570108914789e-07
213 1.9971917622308e-07
214 1.87645191929773e-07
215 1.76301182905859e-07
216 1.65643015944056e-07
217 1.5562922606195e-07
218 1.46220855185586e-07
219 1.3738130058595e-07
220 1.29076172478692e-07
221 1.21273160233101e-07
222 1.13941906669849e-07
223 1.07053889958463e-07
224 1.00582312655066e-07
225 9.45019974487035e-08
226 8.87892892106622e-08
227 8.34219629657246e-08
228 7.83791374273207e-08
229 7.36411937602014e-08
230 6.91896992545851e-08
231 6.5007335614839e-08
232 6.10778315837101e-08
233 5.73858996399851e-08
234 5.39171765233083e-08
235 5.06581673547733e-08
236 4.75961931358954e-08
237 4.47193414217127e-08
238 4.20164199761138e-08
239 3.94769132290927e-08
240 3.70909413665293e-08
241 3.48492218933391e-08
242 3.27430335204556e-08
243 3.07641822351496e-08
244 2.89049694226858e-08
245 2.71581619152953e-08
246 2.55169638519411e-08
247 2.39749902394006e-08
248 2.25262421118041e-08
249 2.11650831919911e-08
250 1.98862179638848e-08
251 1.86846710705794e-08
252 1.75557679579866e-08
253 1.649511668874e-08
254 1.54985908556025e-08
255 1.45623135279043e-08
256 1.36826421685551e-08
257 1.28561544629518e-08
258 1.2079635004649e-08
259 1.13500627859943e-08
260 1.0664599445062e-08
261 1.00205782231585e-08
262 9.41549358994213e-09
263 8.84699149579193e-09
264 8.31286021350435e-09
265 7.81102173368744e-09
266 7.33952368037689e-09
267 6.89653171542202e-09
268 6.48032240209152e-09
269 6.08927650013515e-09
270 5.72187266621616e-09
271 5.37668153520633e-09
272 5.05236015931742e-09
273 4.74764678343438e-09
274 4.46135593632449e-09
275 4.19237381862471e-09
276 3.93965396966466e-09
277 3.7022131962671e-09
278 3.4791277476873e-09
279 3.26952972180987e-09
280 3.0726036886218e-09
281 2.88758351782539e-09
282 2.71374939824903e-09
283 2.55042503746012e-09
284 2.39697503068531e-09
285 2.25280238880198e-09
286 2.11734621578375e-09
287 1.99007952656433e-09
288 1.87050719683004e-09
289 1.75816403676499e-09
290 1.65261298125474e-09
291 1.55344338950775e-09
292 1.46026944747906e-09
293 1.3727286668813e-09
294 1.29048047494321e-09
295 1.2132048894293e-09
296 1.14060127376596e-09
297 1.07238716743082e-09
298 1.00829718705503e-09
299 9.48081993963355e-10
300 8.91507324135261e-10
301 8.38353076813167e-10
302 7.88412458212105e-10
303 7.4149117699946e-10
304 6.97406688414835e-10
305 6.55987484089332e-10
306 6.17072424801326e-10
307 5.80510113572866e-10
308 5.46158306667744e-10
309 5.1388336019978e-10
310 4.8355971019836e-10
311 4.55069384108456e-10
312 4.28301541824653e-10
313 4.03152044473585e-10
314 3.79523049267164e-10
315 3.57322628850399e-10
316 3.36464413662883e-10
317 3.16867255922595e-10
318 2.98454913924751e-10
319 2.81155755427486e-10
320 2.64902478970415e-10
321 2.4963185204186e-10
322 2.35284465076113e-10
323 2.21804500323667e-10
324 2.09139514695215e-10
325 1.97240235734591e-10
326 1.86060369926882e-10
327 1.75556422595966e-10
328 1.65687528690772e-10
329 1.56415293801966e-10
330 1.4770364479053e-10
331 1.39518689447129e-10
332 1.31828584636261e-10
333 1.24603412412226e-10
334 1.17815063624942e-10
335 1.11437128562785e-10
336 1.05444794207003e-10
337 9.98147476979789e-11
338 9.4525085637788e-11
339 8.95552288761847e-11
340 8.48858424485088e-11
341 8.04987603540295e-11
342 7.63769148820804e-11
343 7.25042702110353e-11
344 6.88657600217926e-11
345 6.54472288830585e-11
346 6.2235377180391e-11
347 5.92177093747539e-11
348 5.63824853892832e-11
349 5.37186749351404e-11
350 5.12159145987567e-11
351 4.88644675235217e-11
352 4.66551855290579e-11
353 4.45794735207094e-11
354 4.26292560507811e-11
355 4.07969459014364e-11
356 3.90754145670286e-11
357 3.74579645210265e-11
358 3.59383031596422e-11
359 3.45105183207891e-11
360 3.31690552831279e-11
361 3.19086951557179e-11
362 3.07245345741977e-11
363 2.96119666245056e-11
364 2.85666629199243e-11
365 2.7584556761722e-11
366 2.66618273178756e-11
367 2.57948847583263e-11
368 2.49803562889357e-11
369 2.42150730298086e-11
370 2.34960576869339e-11
371 2.28205129691795e-11
372 2.21858107055792e-11
373 2.15894816205729e-11
374 2.10292057274207e-11
375 2.0502803302417e-11
376 2.00082264047912e-11
377 1.95435509093022e-11
378 1.91069690205314e-11
379 1.86967822397499e-11
380 1.83113947569992e-11
381 1.79493072426772e-11
382 1.76091110144757e-11
383 1.72894825569763e-11
384 1.69891783725838e-11
385 1.67070301437647e-11
386 1.64419401877696e-11
387 1.61928771861566e-11
388 1.59588721725015e-11
389 1.57390147626849e-11
390 1.55324496130918e-11
391 1.53383730929416e-11
392 1.51560301578056e-11
393 1.49847114121465e-11
394 1.48237503494527e-11
395 1.46725207592298e-11
396 1.4530434290762e-11
397 1.43969381641648e-11
398 1.42715130198239e-11
399 1.41536708978543e-11
400 1.40429533397181e-11
401 1.39389296046161e-11
402 1.38411949937129e-11
403 1.37493692756783e-11
404 1.36630952074168e-11
405 1.35820371442324e-11
406 1.35058797340211e-11
407 1.34343266904095e-11
408 1.33670996400689e-11
409 1.33039370397186e-11
410 1.32445931586052e-11
411 1.31888371225005e-11
412 1.31364520154973e-11
413 1.30872340361096e-11
414 1.30409917043939e-11
415 1.29975451170064e-11
416 1.29567252472986e-11
417 1.2918373287728e-11
418 1.28823400320261e-11
419 1.28484852947188e-11
420 1.28166773657428e-11
421 1.27867924980338e-11
422 1.27587144260961e-11
423 1.2732333913677e-11
424 1.27075483287894e-11
425 1.2684261244427e-11
426 1.2662382063421e-11
427 1.26418256659757e-11
428 1.2622512078515e-11
429 1.26043661625491e-11
430 1.25873173223525e-11
431 1.25712992303149e-11
432 1.2556249568897e-11
433 1.25421097881877e-11
434 1.25288248781187e-11
435 1.25163431544505e-11
436 1.25046160576979e-11
437 1.24935979642116e-11
438 1.24832460086823e-11
439 1.24735199173748e-11
440 1.24643818514458e-11
441 1.24557962597334e-11
442 1.24477297404477e-11
443 1.24401509112222e-11
444 1.2433030287023e-11
445 1.24263401654386e-11
446 1.24200545189051e-11
447 1.24141488934474e-11
448 1.24086003135422e-11
449 1.24033871927332e-11
450 1.23984892496496e-11
451 1.23938874291034e-11
452 1.23895638279551e-11
453 1.23855016254634e-11
454 1.23816850178445e-11
455 1.23780991567884e-11
456 1.23747300916927e-11
457 1.23715647153878e-11
458 1.23685907131447e-11
459 1.23657965147653e-11
460 1.23631712495685e-11
461 1.23607047040991e-11
462 1.23583872823925e-11
463 1.23562099686422e-11
464 1.23541642921243e-11
465 1.23522422942427e-11
466 1.23504364975663e-11
467 1.23487398767386e-11
468 1.23471458311463e-11
469 1.23456481592393e-11
470 1.23442410344042e-11
471 1.23429189822965e-11
472 1.23416768595423e-11
473 1.23405098337289e-11
474 1.23394133646041e-11
475 1.23383831864128e-11
476 1.23374152913012e-11
477 1.23365059137248e-11
478 1.23356515157981e-11
479 1.23348487735312e-11
480 1.23340945638979e-11
481 1.23333859526855e-11
482 1.23327201830795e-11
483 1.23320946649387e-11
484 1.23315069647176e-11
485 1.23309547959999e-11
486 1.23304360106022e-11
487 1.23299485902174e-11
488 1.23294906385624e-11
489 1.23290603740005e-11
490 1.23286561226101e-11
491 1.23282763116727e-11
492 1.23279194635539e-11
493 1.23275841899549e-11
494 1.23272691865116e-11
495 1.23269732277197e-11
496 1.23266951621673e-11
497 1.23264339080551e-11
498 1.23261884489876e-11
499 1.23259578300195e-11
500 1.23257411539398e-11
501 1.23255375777817e-11
502 1.2325346309543e-11
503 1.23251666051047e-11
504 1.23249977653361e-11
505 1.23248391333752e-11
506 1.23246900920726e-11
507 1.23245500615911e-11
508 1.23244184971494e-11
509 1.23242948869032e-11
510 1.23241787499532e-11
511 1.23240696344748e-11
512 1.232396711596e-11
513 1.2323870795566e-11
514 1.23237802985634e-11
515 1.23236952728783e-11
516 1.23236153877228e-11
517 1.23235403323081e-11
518 1.23234698146349e-11
519 1.23234035603579e-11
520 1.23233413117185e-11
521 1.23232828265416e-11
522 1.23232278772936e-11
523 1.23231762501976e-11
524 1.23231277444009e-11
525 1.23230821711943e-11
526 1.23230393532777e-11
527 1.23229991240703e-11
528 1.23229613270624e-11
529 1.23229258152069e-11
530 1.23228924503466e-11
531 1.23228611026774e-11
532 1.23228316502428e-11
533 1.23228039784598e-11
534 1.23227779796726e-11
535 1.23227535527343e-11
536 1.23227306026134e-11
537 1.23227090400235e-11
538 1.23226887810765e-11
539 1.23226697469561e-11
540 1.2322651863611e-11
541 1.2322635061467e-11
542 1.23226192751562e-11
543 1.2322604443263e-11
544 1.23225905080845e-11
545 1.23225774154066e-11
546 1.23225651142931e-11
547 1.23225535568871e-11
548 1.23225426982251e-11
549 1.23225324960621e-11
550 1.2322522910707e-11
551 1.23225139048686e-11
552 1.23225054435102e-11
553 1.23224974937132e-11
554 1.23224900245494e-11
555 1.23224830069604e-11
556 1.23224764136447e-11
557 1.23224702189513e-11
558 1.232246439878e-11
559 1.23224589304879e-11
560 1.23224537928008e-11
561 1.23224489657308e-11
562 1.23224444304985e-11
563 1.23224401694597e-11
564 1.23224361660372e-11
565 1.23224324046557e-11
566 1.2322428870682e-11
567 1.23224255503672e-11
568 1.23224224307938e-11
569 1.23224194998252e-11
570 1.23224167460588e-11
571 1.23224141587811e-11
572 1.23224117279265e-11
573 1.23224094440378e-11
574 1.23224072982297e-11
575 1.23224052821541e-11
576 1.23224033879675e-11
577 1.23224016083006e-11
578 1.23223999362298e-11
579 1.232239836525e-11
580 1.23223968892494e-11
581 1.23223955024856e-11
582 1.23223941995636e-11
583 1.23223929754143e-11
584 1.23223918252753e-11
585 1.23223907446721e-11
586 1.23223897294005e-11
587 1.23223887755108e-11
588 1.23223878792919e-11
589 1.23223870372571e-11
590 1.23223862461305e-11
591 1.23223855028342e-11
592 1.23223848044766e-11
593 1.23223841483407e-11
594 1.23223835318738e-11
595 1.23223829526775e-11
596 1.23223824084987e-11
597 1.23223818972201e-11
598 1.23223814168527e-11
599 1.23223809655276e-11
600 1.23223805414889e-11
601 1.2322380143087e-11
602 1.2322379768772e-11
603 1.23223794170874e-11
604 1.23223790866652e-11
605 1.23223787762199e-11
606 1.23223784845436e-11
607 1.23223782105016e-11
608 1.23223779530279e-11
609 1.23223777111206e-11
610 1.23223774838387e-11
611 1.23223772702979e-11
612 1.23223770696675e-11
613 1.23223768811669e-11
614 1.23223767040627e-11
615 1.23223765376661e-11
616 1.23223763813295e-11
617 1.23223762344448e-11
618 1.23223760964406e-11
619 1.23223759667799e-11
620 1.23223758449583e-11
621 1.23223757305018e-11
622 1.23223756229652e-11
623 1.23223755219302e-11
624 1.23223754270035e-11
625 1.2322375337816e-11
626 1.23223752540207e-11
627 1.23223751752914e-11
628 1.23223751013221e-11
629 1.23223750318248e-11
630 1.23223749665292e-11
631 1.23223749051813e-11
632 1.23223748475424e-11
633 1.23223747933883e-11
634 1.23223747425082e-11
635 1.23223746947043e-11
636 1.23223746497905e-11
637 1.23223746075922e-11
638 1.23223745679451e-11
639 1.2322374530695e-11
640 1.2322374495697e-11
641 1.23223744628149e-11
642 1.23223744319209e-11
643 1.23223744028946e-11
644 1.23223743756232e-11
645 1.23223743500006e-11
646 1.23223743259272e-11
647 1.23223743033091e-11
648 1.23223742820586e-11
649 1.23223742620928e-11
650 1.23223742433341e-11
651 1.23223742257095e-11
652 1.23223742091505e-11
653 1.23223741935926e-11
654 1.23223741789753e-11
655 1.23223741652418e-11
656 1.23223741523385e-11
657 1.23223741402154e-11
658 1.23223741288253e-11
659 1.23223741181237e-11
660 1.23223741080692e-11
661 1.23223740986225e-11
662 1.2322374089747e-11
663 1.23223740814081e-11
664 1.23223740735733e-11
665 1.23223740662122e-11
666 1.23223740592962e-11
667 1.23223740527983e-11
668 1.23223740466932e-11
669 1.23223740409573e-11
670 1.23223740355681e-11
671 1.23223740305048e-11
672 1.23223740257475e-11
673 1.23223740212779e-11
674 1.23223740170785e-11
675 1.2322374013133e-11
676 1.23223740094261e-11
677 1.23223740059433e-11
678 1.2322374002671e-11
679 1.23223739995966e-11
680 1.2322373996708e-11
681 1.23223739939941e-11
682 1.23223739914442e-11
683 1.23223739890486e-11
684 1.23223739867977e-11
685 1.2322373984683e-11
686 1.23223739826961e-11
687 1.23223739808293e-11
688 1.23223739790754e-11
689 1.23223739774275e-11
690 1.23223739758792e-11
691 1.23223739744246e-11
692 1.23223739730579e-11
693 1.23223739717738e-11
694 1.23223739705674e-11
695 1.23223739694339e-11
696 1.23223739683689e-11
697 1.23223739673683e-11
698 1.23223739664283e-11
699 1.2322373965545e-11
700 1.23223739647152e-11
701 1.23223739639355e-11
702 1.23223739632029e-11
703 1.23223739625147e-11
704 1.2322373961868e-11
705 1.23223739612605e-11
706 1.23223739606897e-11
707 1.23223739601534e-11
708 1.23223739596495e-11
709 1.23223739591761e-11
710 1.23223739587313e-11
711 1.23223739583134e-11
712 1.23223739579207e-11
713 1.23223739575518e-11
714 1.23223739572053e-11
715 1.23223739568796e-11
716 1.23223739565737e-11
717 1.23223739562862e-11
718 1.23223739560161e-11
719 1.23223739557624e-11
720 1.2322373955524e-11
721 1.23223739553e-11
722 1.23223739550895e-11
723 1.23223739548918e-11
724 1.2322373954706e-11
725 1.23223739545315e-11
726 1.23223739543675e-11
727 1.23223739542134e-11
728 1.23223739540687e-11
729 1.23223739539327e-11
730 1.23223739538049e-11
731 1.23223739536848e-11
732 1.2322373953572e-11
733 1.2322373953466e-11
734 1.23223739533665e-11
735 1.23223739532729e-11
736 1.2322373953185e-11
737 1.23223739531024e-11
738 1.23223739530248e-11
739 1.23223739529519e-11
740 1.23223739528834e-11
741 1.23223739528191e-11
742 1.23223739527586e-11
743 1.23223739527018e-11
744 1.23223739526485e-11
745 1.23223739525983e-11
746 1.23223739525512e-11
747 1.23223739525069e-11
748 1.23223739524653e-11
749 1.23223739524263e-11
750 1.23223739523896e-11
751 1.23223739523551e-11
752 1.23223739523227e-11
753 1.23223739522922e-11
754 1.23223739522636e-11
755 1.23223739522367e-11
756 1.23223739522115e-11
757 1.23223739521878e-11
758 1.23223739521655e-11
759 1.23223739521445e-11
760 1.23223739521248e-11
761 1.23223739521064e-11
762 1.2322373952089e-11
763 1.23223739520727e-11
764 1.23223739520573e-11
765 1.23223739520429e-11
766 1.23223739520294e-11
767 1.23223739520167e-11
768 1.23223739520047e-11
769 1.23223739519935e-11
770 1.2322373951983e-11
771 1.23223739519731e-11
772 1.23223739519637e-11
773 1.2322373951955e-11
774 1.23223739519468e-11
775 1.23223739519391e-11
776 1.23223739519318e-11
777 1.2322373951925e-11
778 1.23223739519186e-11
779 1.23223739519126e-11
780 1.23223739519069e-11
781 1.23223739519016e-11
782 1.23223739518966e-11
783 1.23223739518919e-11
784 1.23223739518875e-11
785 1.23223739518834e-11
786 1.23223739518795e-11
787 1.23223739518758e-11
788 1.23223739518724e-11
789 1.23223739518692e-11
790 1.23223739518661e-11
791 1.23223739518633e-11
792 1.23223739518606e-11
793 1.23223739518581e-11
794 1.23223739518558e-11
795 1.23223739518535e-11
796 1.23223739518515e-11
797 1.23223739518495e-11
798 1.23223739518477e-11
799 1.23223739518459e-11
800 1.23223739518443e-11
801 1.23223739518428e-11
802 1.23223739518413e-11
803 1.232237395184e-11
804 1.23223739518387e-11
805 1.23223739518375e-11
806 1.23223739518364e-11
807 1.23223739518354e-11
808 1.23223739518344e-11
809 1.23223739518335e-11
810 1.23223739518326e-11
811 1.23223739518318e-11
812 1.2322373951831e-11
813 1.23223739518303e-11
814 1.23223739518296e-11
815 1.2322373951829e-11
816 1.23223739518284e-11
817 1.23223739518278e-11
818 1.23223739518273e-11
819 1.23223739518268e-11
820 1.23223739518263e-11
821 1.23223739518259e-11
822 1.23223739518255e-11
823 1.23223739518251e-11
824 1.23223739518247e-11
825 1.23223739518244e-11
826 1.23223739518241e-11
827 1.23223739518238e-11
828 1.23223739518235e-11
829 1.23223739518232e-11
830 1.23223739518229e-11
831 1.23223739518227e-11
832 1.23223739518225e-11
833 1.23223739518223e-11
834 1.23223739518221e-11
835 1.23223739518219e-11
836 1.23223739518217e-11
837 1.23223739518216e-11
838 1.23223739518214e-11
839 1.23223739518213e-11
840 1.23223739518211e-11
841 1.2322373951821e-11
842 1.23223739518209e-11
843 1.23223739518208e-11
844 1.23223739518207e-11
845 1.23223739518206e-11
846 1.23223739518205e-11
847 1.23223739518204e-11
848 1.23223739518203e-11
849 1.23223739518203e-11
850 1.23223739518202e-11
851 1.23223739518201e-11
852 1.232237395182e-11
853 1.232237395182e-11
854 1.23223739518199e-11
855 1.23223739518199e-11
856 1.23223739518198e-11
857 1.23223739518198e-11
858 1.23223739518197e-11
859 1.23223739518197e-11
860 1.23223739518197e-11
861 1.23223739518196e-11
862 1.23223739518196e-11
863 1.23223739518196e-11
864 1.23223739518195e-11
865 1.23223739518195e-11
866 1.23223739518195e-11
867 1.23223739518195e-11
868 1.23223739518194e-11
869 1.23223739518194e-11
870 1.23223739518194e-11
871 1.23223739518194e-11
872 1.23223739518193e-11
873 1.23223739518193e-11
874 1.23223739518193e-11
875 1.23223739518193e-11
876 1.23223739518193e-11
877 1.23223739518193e-11
878 1.23223739518193e-11
879 1.23223739518192e-11
880 1.23223739518192e-11
881 1.23223739518192e-11
882 1.23223739518192e-11
883 1.23223739518192e-11
884 1.23223739518192e-11
885 1.23223739518192e-11
886 1.23223739518192e-11
887 1.23223739518192e-11
888 1.23223739518192e-11
889 1.23223739518192e-11
890 1.23223739518192e-11
891 1.23223739518192e-11
892 1.23223739518191e-11
893 1.23223739518191e-11
894 1.23223739518191e-11
895 1.23223739518191e-11
896 1.23223739518191e-11
897 1.23223739518191e-11
898 1.23223739518191e-11
899 1.23223739518191e-11
900 1.23223739518191e-11
901 1.23223739518191e-11
902 1.23223739518191e-11
903 1.23223739518191e-11
904 1.23223739518191e-11
905 1.23223739518191e-11
906 1.23223739518191e-11
907 1.23223739518191e-11
908 1.23223739518191e-11
909 1.23223739518191e-11
910 1.23223739518191e-11
911 1.23223739518191e-11
912 1.23223739518191e-11
913 1.23223739518191e-11
914 1.23223739518191e-11
915 1.23223739518191e-11
916 1.23223739518191e-11
917 1.23223739518191e-11
918 1.23223739518191e-11
919 1.23223739518191e-11
920 1.23223739518191e-11
921 1.23223739518191e-11
922 1.23223739518191e-11
923 1.23223739518191e-11
924 1.23223739518191e-11
925 1.23223739518191e-11
926 1.23223739518191e-11
927 1.23223739518191e-11
928 1.23223739518191e-11
929 1.23223739518191e-11
930 1.23223739518191e-11
931 1.23223739518191e-11
932 1.23223739518191e-11
933 1.23223739518191e-11
934 1.23223739518191e-11
935 1.23223739518191e-11
936 1.23223739518191e-11
937 1.23223739518191e-11
938 1.23223739518191e-11
939 1.23223739518191e-11
940 1.23223739518191e-11
941 1.23223739518191e-11
942 1.23223739518191e-11
943 1.23223739518191e-11
944 1.23223739518191e-11
945 1.23223739518191e-11
946 1.23223739518191e-11
947 1.23223739518191e-11
948 1.23223739518191e-11
949 1.23223739518191e-11
950 1.23223739518191e-11
951 1.23223739518191e-11
952 1.23223739518191e-11
953 1.23223739518191e-11
954 1.23223739518191e-11
955 1.23223739518191e-11
956 1.23223739518191e-11
957 1.23223739518191e-11
958 1.23223739518191e-11
959 1.23223739518191e-11
960 1.23223739518191e-11
961 1.23223739518191e-11
962 1.23223739518191e-11
963 1.23223739518191e-11
964 1.23223739518191e-11
965 1.23223739518191e-11
966 1.23223739518191e-11
967 1.23223739518191e-11
968 1.23223739518191e-11
969 1.23223739518191e-11
970 1.23223739518191e-11
971 1.23223739518191e-11
972 1.23223739518191e-11
973 1.23223739518191e-11
974 1.23223739518191e-11
975 1.23223739518191e-11
976 1.23223739518191e-11
977 1.23223739518191e-11
978 1.23223739518191e-11
979 1.23223739518191e-11
980 1.23223739518191e-11
981 1.23223739518191e-11
982 1.23223739518191e-11
983 1.23223739518191e-11
984 1.23223739518191e-11
985 1.23223739518191e-11
986 1.23223739518191e-11
987 1.23223739518191e-11
988 1.23223739518191e-11
989 1.23223739518191e-11
990 1.23223739518191e-11
991 1.23223739518191e-11
992 1.23223739518191e-11
993 1.23223739518191e-11
994 1.23223739518191e-11
995 1.23223739518191e-11
996 1.23223739518191e-11
997 1.23223739518191e-11
998 1.23223739518191e-11
999 1.23223739518191e-11
