0 8.12000000001
1 6.1694735062504
2 4.69914774576134
3 3.5891734560409
4 2.749869313532
5 2.11408602873376
6 1.63151024599084
7 1.26441428077847
8 0.984483713704471
9 0.770448680713631
10 0.606314571151092
11 0.480039886929163
12 0.382547781069571
13 0.306986672616523
14 0.24817685133007
15 0.202196018839415
16 0.166068662214248
17 0.137533063014272
18 0.114866385595568
19 0.0967532405283775
20 0.0821868126997714
21 0.0703943995316964
22 0.060781261483128
23 0.0528882224899316
24 0.0463596047558113
25 0.0409189391041719
26 0.0363505325443221
27 0.0324854536705993
28 0.0291908549151183
29 0.0263618190282171
30 0.0239151182282128
31 0.0217844252291518
32 0.0199166285000305
33 0.0182689890980108
34 0.0168069403226229
35 0.0155023795420547
36 0.0143323377970622
37 0.0132779401480889
38 0.0123235904088023
39 0.0114563295611329
40 0.0106653290147076
41 0.00994148888868144
42 0.00927711835561884
43 0.0086656803207082
44 0.0081015867104771
45 0.00758003371100884
46 0.00709686865092165
47 0.00664848203857164
48 0.00623171966427107
49 0.00584381076387583
50 0.00548230908357137
51 0.00514504434308899
52 0.00483008210858571
53 0.00453569048959607
54 0.00426031239174025
55 0.00400254230736947
56 0.00376110682475085
57 0.0035348481940777
58 0.00332271041430526
59 0.00312372740535552
60 0.00293701291089734
61 0.00276175184181648
62 0.0025971928228745
63 0.00244264174745316
64 0.00229745617968875
65 0.00216104047129984
66 0.00203284148325173
67 0.00191234482108016
68 0.00179907150800688
69 0.00169257503255878
70 0.0015924387177591
71 0.00149827336750477
72 0.00140971515280996
73 0.00132642370645018
74 0.00124808039940154
75 0.00117438677651273
76 0.00110506313221756
77 0.00103984720991069
78 0.000978493010965038
79 0.000920769701345688
80 0.000866460605436118
81 0.000815362278092077
82 0.000767283647120494
83 0.000722045219381402
84 0.000679478344560264
85 0.000639424531381101
86 0.000601734811647897
87 0.000566269148030147
88 0.00053289588196219
89 0.000501491218416958
90 0.000471938744652875
91 0.000444128980325933
92 0.000417958956614412
93 0.000393331822226963
94 0.000370156474360636
95 0.000348347212847905
96 0.000327823415884292
97 0.000308509235863453
98 0.000290333313967202
99 0.000273228512265707
100 0.000257131662179841
101 0.000241983328244773
102 0.000227727586192615
103 0.000214311814443307
104 0.000201686498157828
105 0.000189805045067007
106 0.000178623612343378
107 0.000168100943833163
108 0.000158198217011089
109 0.000148878899062831
110 0.000140108611538664
111 0.000131855003057814
112 0.000124087629576269
113 0.00011677784176169
114 0.000109898679047733
115 0.000103424769966818
116 9.7332238385224e-05
117 9.1598615287625e-05
118 8.62027557798101e-05
119 8.11247609985852e-05
120 7.63459046367745e-05
121 7.18485638089473e-05
122 6.76161540000804e-05
123 6.36330678548965e-05
124 5.98846175801876e-05
125 5.63569807460796e-05
126 5.30371492850118e-05
127 4.99128814992222e-05
128 4.6972656898818e-05
129 4.42056337031062e-05
130 4.16016088478152e-05
131 3.91509803501884e-05
132 3.6844711892717e-05
133 3.46742994945382e-05
134 3.26317401472875e-05
135 3.07095022994892e-05
136 2.89004980804322e-05
137 2.7198057160927e-05
138 2.55959021544077e-05
139 2.4088125467549e-05
140 2.26691675149323e-05
141 2.13337962173444e-05
142 2.00770877080401e-05
143 1.88944081757644e-05
144 1.77813967775356e-05
145 1.67339495581406e-05
146 1.57482043170129e-05
147 1.48205263666667e-05
148 1.39474951301472e-05
149 1.31258915280602e-05
150 1.23526861086558e-05
151 1.16250278771847e-05
152 1.09402337833266e-05
153 1.02957788279184e-05
154 9.68928675249437e-06
155 9.11852127730323e-06
156 8.58137785548664e-06
157 8.0758759130119e-06
158 7.60015154574083e-06
159 7.15245064670398e-06
160 6.73112243823621e-06
161 6.33461338512269e-06
162 5.96146146630983e-06
163 5.61029078405795e-06
164 5.27980649065716e-06
165 4.96879001399879e-06
166 4.67609456439718e-06
167 4.40064090609361e-06
168 4.14141337785034e-06
169 3.89745614796105e-06
170 3.66786968986893e-06
171 3.45180746539646e-06
172 3.24847280335719e-06
173 3.05711596203983e-06
174 2.87703136473308e-06
175 2.70755499809798e-06
176 2.5480619637946e-06
177 2.39796417433536e-06
178 2.25670818466899e-06
179 2.1237731514994e-06
180 1.99866891281522e-06
181 1.88093418054844e-06
182 1.77013483969827e-06
183 1.66586234764846e-06
184 1.56773222777606e-06
185 1.47538265179721e-06
186 1.38847310562262e-06
187 1.30668313380348e-06
188 1.22971115793832e-06
189 1.15727336468388e-06
190 1.08910265926989e-06
191 1.02494768065916e-06
192 9.64571874721557e-07
193 9.07752622004481e-07
194 8.54280416883727e-07
195 8.0395809506807e-07
196 7.56600106609187e-07
197 7.12031831736353e-07
198 6.70088936993206e-07
199 6.30616769302541e-07
200 5.93469785724885e-07
201 5.58511016808247e-07
202 5.25611561550293e-07
203 4.94650112110748e-07
204 4.65512506521533e-07
205 4.38091307745385e-07
206 4.12285407530827e-07
207 3.87999653602842e-07
208 3.65144498814588e-07
209 3.43635670966518e-07
210 3.23393862075436e-07
211 3.04344435947761e-07
212 2.86417152978755e-07
213 2.69545911162977e-07
214 2.53668502361022e-07
215 2.38726382923838e-07
216 2.24664457828852e-07
217 2.11430877531984e-07
218 1.9897684678648e-07
219 1.87256444723638e-07
220 1.76226455532031e-07
221 1.65846209110894e-07
222 1.56077431110131e-07
223 1.46884101804e-07
224 1.38232323278128e-07
225 1.30090194440114e-07
226 1.22427693392889e-07
227 1.15216566737089e-07
228 1.08430225394291e-07
229 1.02043646566981e-07
230 9.60332814737559e-08
231 9.03769685195657e-08
232 8.50538515808271e-08
233 8.00443031041108e-08
234 7.53298517348494e-08
235 7.08931142092141e-08
236 6.67177312580335e-08
237 6.27883072864147e-08
238 5.90903536066524e-08
239 5.56102350151135e-08
240 5.23351195161129e-08
241 4.92529310074011e-08
242 4.63523047528051e-08
243 4.36225454778381e-08
244 4.10535879337693e-08
245 3.86359597847419e-08
246 3.63607466810982e-08
247 3.42195593901268e-08
248 3.22045028630368e-08
249 3.03081471241019e-08
250 2.85234998746351e-08
251 2.6843980710779e-08
252 2.52633968600474e-08
253 2.37759203471519e-08
254 2.23760665049204e-08
255 2.10586737510707e-08
256 1.9818884556272e-08
257 1.86521275333206e-08
258 1.75541005813859e-08
259 1.65207550231776e-08
260 1.5548280676544e-08
261 1.46330918054561e-08
262 1.37718138985759e-08
263 1.29612712266593e-08
264 1.21984751329136e-08
265 1.14806130131342e-08
266 1.08050379449877e-08
267 1.01692589282018e-08
268 9.57093169967598e-09
269 9.0078500896455e-09
270 8.47793788702739e-09
271 7.97924118395378e-09
272 7.50992117126534e-09
273 7.06824735840004e-09
274 6.65259119267741e-09
275 6.26142005445117e-09
276 5.893291605989e-09
277 5.54684847324236e-09
278 5.22081324089698e-09
279 4.91398374224953e-09
280 4.62522862654315e-09
281 4.35348318741767e-09
282 4.09774543709295e-09
283 3.85707241181009e-09
284 3.6305766949077e-09
285 3.41742314471304e-09
286 3.21682581518312e-09
287 3.02804505794127e-09
288 2.85038479502391e-09
289 2.68318995228138e-09
290 2.52584404396928e-09
291 2.37776689962407e-09
292 2.23841252484148e-09
293 2.10726708806987e-09
294 1.98384702599538e-09
295 1.86769726053311e-09
296 1.75838952084976e-09
297 1.65552076423085e-09
298 1.55871168996972e-09
299 1.46760534079885e-09
300 1.38186578670646e-09
301 1.30117688628556e-09
302 1.22524112104797e-09
303 1.15377849840547e-09
304 1.08652551927282e-09
305 1.02323420648623e-09
306 9.63671190454655e-10
307 9.0761684867254e-10
308 8.5486449592129e-10
309 8.05219622173432e-10
310 7.58499175389524e-10
311 7.14530886563286e-10
312 6.73152634526247e-10
313 6.34211848169812e-10
314 5.97564943880567e-10
315 5.63076796114565e-10
316 5.30620239158438e-10
317 5.0007559824024e-10
318 4.71330248261104e-10
319 4.4427819852066e-10
320 4.18819701905014e-10
321 3.94860887096246e-10
322 3.72313412447328e-10
323 3.51094140246203e-10
324 3.31124830167966e-10
325 3.12331850784835e-10
326 2.94645908070184e-10
327 2.78001789895572e-10
328 2.62338125578657e-10
329 2.47597159595417e-10
330 2.33724538622278e-10
331 2.20669111122941e-10
332 2.08382738740934e-10
333 1.96820118802444e-10
334 1.85938617274965e-10
335 1.75698111565842e-10
336 1.66060842581066e-10
337 1.56991275498828e-10
338 1.48455968744481e-10
339 1.40423450683782e-10
340 1.32864103579755e-10
341 1.25750054385299e-10
342 1.19055071968872e-10
343 1.12754470394286e-10
344 1.06825017897999e-10
345 1.01244851228275e-10
346 9.59933950303538e-11
347 9.10512859804022e-11
348 8.64003013884936e-11
349 8.20232920073706e-11
350 7.79041187992356e-11
351 7.40275934274156e-11
352 7.03794222534804e-11
353 6.69461536333184e-11
354 6.37151283178383e-11
355 6.06744327754136e-11
356 5.78128552639581e-11
357 5.51198444906604e-11
358 5.25854707069467e-11
359 5.02003890952197e-11
360 4.79558053123718e-11
361 4.58434430630249e-11
362 4.38555135829302e-11
363 4.19846869200075e-11
364 4.02240649071301e-11
365 3.85671557270001e-11
366 3.70078499753289e-11
367 3.55403981340611e-11
368 3.41593893715832e-11
369 3.28597315917457e-11
370 3.1636632658136e-11
371 3.04855827243726e-11
372 2.94023376052663e-11
373 2.8382903127536e-11
374 2.74235204023752e-11
375 2.6520651965567e-11
376 2.56709687340412e-11
377 2.48713377307819e-11
378 2.41188105328222e-11
379 2.34106123997322e-11
380 2.27441320425147e-11
381 2.21169119951831e-11
382 2.15266395535209e-11
383 2.09711382476107e-11
384 2.04483598166899e-11
385 1.99563766567434e-11
386 1.94933747129859e-11
387 1.90576467910248e-11
388 1.86475862620438e-11
389 1.8261681138793e-11
390 1.78985085005454e-11
391 1.75567292464618e-11
392 1.72350831580186e-11
393 1.69323842522929e-11
394 1.66475164089718e-11
395 1.63794292549601e-11
396 1.61271342914143e-11
397 1.58897012489202e-11
398 1.56662546573763e-11
399 1.54559706179346e-11
400 1.52580737650966e-11
401 1.50718344077628e-11
402 1.4896565838694e-11
403 1.47316218024647e-11
404 1.45763941125703e-11
405 1.44303104089047e-11
406 1.42928320473368e-11
407 1.41634521136059e-11
408 1.40416935542131e-11
409 1.39271074174149e-11
410 1.38192711978358e-11
411 1.37177872785935e-11
412 1.36222814651944e-11
413 1.35324016057928e-11
414 1.34478162927262e-11
415 1.3368213640539e-11
416 1.32933001359894e-11
417 1.3222799555799e-11
418 1.31564519481538e-11
419 1.30940126742023e-11
420 1.30352515060162e-11
421 1.29799517776869e-11
422 1.29279095864288e-11
423 1.28789330407426e-11
424 1.2832841552868e-11
425 1.27894651729143e-11
426 1.27486439622169e-11
427 1.27102274036065e-11
428 1.26740738464176e-11
429 1.26400499841902e-11
430 1.26080303631383e-11
431 1.25778969195728e-11
432 1.25495385445739e-11
433 1.25228506743066e-11
434 1.24977349044705e-11
435 1.24740986274597e-11
436 1.24518546908982e-11
437 1.24309210762885e-11
438 1.24112205965908e-11
439 1.23926806116165e-11
440 1.23752327601874e-11
441 1.23588127080724e-11
442 1.2343359910772e-11
443 1.23288173902772e-11
444 1.23151315249787e-11
445 1.2302251851951e-11
446 1.22901308808847e-11
447 1.22787239189788e-11
448 1.22679889061474e-11
449 1.22578862599354e-11
450 1.22483787295685e-11
451 1.22394312586007e-11
452 1.22310108556539e-11
453 1.22230864727705e-11
454 1.22156288909328e-11
455 1.22086106123255e-11
456 1.22020057589453e-11
457 1.21957899771823e-11
458 1.21899403480231e-11
459 1.2184435302543e-11
460 1.21792545423763e-11
461 1.21743789648715e-11
462 1.21697905926559e-11
463 1.21654725073484e-11
464 1.21614087871778e-11
465 1.21575844482755e-11
466 1.21539853894264e-11
467 1.2150598340075e-11
468 1.21474108113932e-11
469 1.21444110502314e-11
470 1.2141587995782e-11
471 1.21389312387955e-11
472 1.21364309831995e-11
473 1.21340780099778e-11
474 1.21318636431784e-11
475 1.21297797179229e-11
476 1.21278185503007e-11
477 1.21259729090368e-11
478 1.21242359888286e-11
479 1.21226013852526e-11
480 1.21210630711504e-11
481 1.21196153744051e-11
482 1.21182529570266e-11
483 1.21169707954694e-11
484 1.21157641621097e-11
485 1.21146286078136e-11
486 1.21135599455316e-11
487 1.2112554234861e-11
488 1.21116077675155e-11
489 1.21107170536532e-11
490 1.21098788090074e-11
491 1.2109089942778e-11
492 1.21083475462341e-11
493 1.21076488819894e-11
494 1.21069913739085e-11
495 1.21063725976083e-11
496 1.21057902715185e-11
497 1.21052422484694e-11
498 1.2104726507774e-11
499 1.21042411477783e-11
500 1.21037843788485e-11
501 1.21033545167728e-11
502 1.21029499765511e-11
503 1.21025692665509e-11
504 1.21022109830068e-11
505 1.21018738048454e-11
506 1.21015564888135e-11
507 1.21012578648939e-11
508 1.21009768319918e-11
509 1.21007123538744e-11
510 1.21004634553503e-11
511 1.21002292186733e-11
512 1.21000087801593e-11
513 1.20998013270007e-11
514 1.20996060942703e-11
515 1.20994223621001e-11
516 1.20992494530275e-11
517 1.2099086729497e-11
518 1.20989335915097e-11
519 1.20987894744107e-11
520 1.20986538468071e-11
521 1.20985262086089e-11
522 1.20984060891847e-11
523 1.20982930456267e-11
524 1.20981866611174e-11
525 1.20980865433926e-11
526 1.20979923232953e-11
527 1.20979036534145e-11
528 1.20978202068039e-11
529 1.20977416757766e-11
530 1.20976677707709e-11
531 1.2097598219282e-11
532 1.20975327648576e-11
533 1.20974711661522e-11
534 1.20974131960372e-11
535 1.20973586407636e-11
536 1.20973072991735e-11
537 1.20972589819587e-11
538 1.20972135109626e-11
539 1.20971707185231e-11
540 1.20971304468548e-11
541 1.20970925474667e-11
542 1.20970568806151e-11
543 1.20970233147881e-11
544 1.20969917262208e-11
545 1.2096961998439e-11
546 1.20969340218295e-11
547 1.2096907693236e-11
548 1.20968829155791e-11
549 1.20968595974978e-11
550 1.20968376530131e-11
551 1.20968170012105e-11
552 1.20967975659421e-11
553 1.20967792755457e-11
554 1.20967620625803e-11
555 1.20967458635779e-11
556 1.20967306188089e-11
557 1.20967162720623e-11
558 1.20967027704386e-11
559 1.2096690064154e-11
560 1.20966781063576e-11
561 1.20966668529582e-11
562 1.2096656262462e-11
563 1.20966462958194e-11
564 1.20966369162811e-11
565 1.20966280892626e-11
566 1.20966197822166e-11
567 1.20966119645131e-11
568 1.20966046073266e-11
569 1.20965976835293e-11
570 1.20965911675916e-11
571 1.20965850354878e-11
572 1.20965792646074e-11
573 1.20965738336718e-11
574 1.20965687226559e-11
575 1.20965639127143e-11
576 1.20965593861116e-11
577 1.20965551261571e-11
578 1.20965511171434e-11
579 1.20965473442885e-11
580 1.20965437936808e-11
581 1.20965404522285e-11
582 1.20965373076109e-11
583 1.2096534348233e-11
584 1.2096531563183e-11
585 1.20965289421918e-11
586 1.20965264755951e-11
587 1.2096524154298e-11
588 1.20965219697414e-11
589 1.20965199138703e-11
590 1.20965179791043e-11
591 1.20965161583093e-11
592 1.20965144447719e-11
593 1.20965128321736e-11
594 1.20965113145686e-11
595 1.2096509886361e-11
596 1.20965085422847e-11
597 1.20965072773838e-11
598 1.20965060869944e-11
599 1.20965049667271e-11
600 1.20965039124513e-11
601 1.20965029202797e-11
602 1.20965019865539e-11
603 1.2096501107831e-11
604 1.20965002808709e-11
605 1.20964995026246e-11
606 1.20964987702223e-11
607 1.20964980809636e-11
608 1.2096497432307e-11
609 1.20964968218608e-11
610 1.20964962473741e-11
611 1.20964957067286e-11
612 1.20964951979309e-11
613 1.20964947191049e-11
614 1.20964942684851e-11
615 1.20964938444099e-11
616 1.20964934453156e-11
617 1.20964930697308e-11
618 1.20964927162706e-11
619 1.20964923836316e-11
620 1.20964920705873e-11
621 1.20964917759835e-11
622 1.20964914987339e-11
623 1.20964912378162e-11
624 1.20964909922684e-11
625 1.20964907611851e-11
626 1.20964905437142e-11
627 1.20964903390538e-11
628 1.20964901464493e-11
629 1.20964899651906e-11
630 1.20964897946092e-11
631 1.20964896340763e-11
632 1.20964894829999e-11
633 1.20964893408229e-11
634 1.20964892070212e-11
635 1.20964890811012e-11
636 1.20964889625989e-11
637 1.20964888510772e-11
638 1.20964887461248e-11
639 1.20964886473549e-11
640 1.20964885544032e-11
641 1.2096488466927e-11
642 1.20964883846038e-11
643 1.20964883071299e-11
644 1.20964882342199e-11
645 1.20964881656047e-11
646 1.20964881010314e-11
647 1.2096488040262e-11
648 1.20964879830722e-11
649 1.20964879292514e-11
650 1.2096487878601e-11
651 1.20964878309342e-11
652 1.20964877860754e-11
653 1.2096487743859e-11
654 1.20964877041295e-11
655 1.20964876667403e-11
656 1.20964876315536e-11
657 1.20964875984397e-11
658 1.20964875672763e-11
659 1.20964875379488e-11
660 1.20964875103488e-11
661 1.20964874843746e-11
662 1.20964874599305e-11
663 1.20964874369263e-11
664 1.20964874152773e-11
665 1.20964873949035e-11
666 1.20964873757299e-11
667 1.20964873576857e-11
668 1.20964873407045e-11
669 1.20964873247235e-11
670 1.2096487309684e-11
671 1.20964872955304e-11
672 1.20964872822105e-11
673 1.20964872696753e-11
674 1.20964872578785e-11
675 1.20964872467766e-11
676 1.20964872363286e-11
677 1.20964872264962e-11
678 1.20964872172429e-11
679 1.20964872085347e-11
680 1.20964872003395e-11
681 1.2096487192627e-11
682 1.20964871853689e-11
683 1.20964871785383e-11
684 1.20964871721101e-11
685 1.20964871660605e-11
686 1.20964871603674e-11
687 1.20964871550095e-11
688 1.20964871499673e-11
689 1.20964871452221e-11
690 1.20964871407565e-11
691 1.20964871365539e-11
692 1.20964871325988e-11
693 1.20964871288768e-11
694 1.20964871253739e-11
695 1.20964871220775e-11
696 1.20964871189752e-11
697 1.20964871160557e-11
698 1.20964871133081e-11
699 1.20964871107224e-11
700 1.2096487108289e-11
701 1.20964871059989e-11
702 1.20964871038438e-11
703 1.20964871018156e-11
704 1.20964870999069e-11
705 1.20964870981106e-11
706 1.20964870964201e-11
707 1.20964870948292e-11
708 1.20964870933321e-11
709 1.20964870919231e-11
710 1.20964870905971e-11
711 1.20964870893492e-11
712 1.20964870881749e-11
713 1.20964870870697e-11
714 1.20964870860296e-11
715 1.20964870850508e-11
716 1.20964870841296e-11
717 1.20964870832627e-11
718 1.20964870824469e-11
719 1.20964870816791e-11
720 1.20964870809566e-11
721 1.20964870802766e-11
722 1.20964870796367e-11
723 1.20964870790345e-11
724 1.20964870784677e-11
725 1.20964870779343e-11
726 1.20964870774324e-11
727 1.209648707696e-11
728 1.20964870765155e-11
729 1.20964870760971e-11
730 1.20964870757034e-11
731 1.20964870753328e-11
732 1.20964870749841e-11
733 1.2096487074656e-11
734 1.20964870743472e-11
735 1.20964870740565e-11
736 1.2096487073783e-11
737 1.20964870735256e-11
738 1.20964870732834e-11
739 1.20964870730554e-11
740 1.20964870728408e-11
741 1.20964870726389e-11
742 1.20964870724489e-11
743 1.20964870722701e-11
744 1.20964870721018e-11
745 1.20964870719434e-11
746 1.20964870717944e-11
747 1.20964870716541e-11
748 1.20964870715221e-11
749 1.20964870713979e-11
750 1.2096487071281e-11
751 1.2096487071171e-11
752 1.20964870710674e-11
753 1.209648707097e-11
754 1.20964870708783e-11
755 1.2096487070792e-11
756 1.20964870707108e-11
757 1.20964870706344e-11
758 1.20964870705624e-11
759 1.20964870704947e-11
760 1.2096487070431e-11
761 1.20964870703711e-11
762 1.20964870703147e-11
763 1.20964870702616e-11
764 1.20964870702116e-11
765 1.20964870701646e-11
766 1.20964870701203e-11
767 1.20964870700787e-11
768 1.20964870700395e-11
769 1.20964870700026e-11
770 1.20964870699679e-11
771 1.20964870699352e-11
772 1.20964870699045e-11
773 1.20964870698755e-11
774 1.20964870698483e-11
775 1.20964870698227e-11
776 1.20964870697986e-11
777 1.20964870697759e-11
778 1.20964870697545e-11
779 1.20964870697344e-11
780 1.20964870697155e-11
781 1.20964870696977e-11
782 1.20964870696809e-11
783 1.20964870696652e-11
784 1.20964870696503e-11
785 1.20964870696364e-11
786 1.20964870696232e-11
787 1.20964870696109e-11
788 1.20964870695992e-11
789 1.20964870695883e-11
790 1.2096487069578e-11
791 1.20964870695683e-11
792 1.20964870695591e-11
793 1.20964870695506e-11
794 1.20964870695425e-11
795 1.20964870695349e-11
796 1.20964870695277e-11
797 1.2096487069521e-11
798 1.20964870695146e-11
799 1.20964870695086e-11
800 1.2096487069503e-11
801 1.20964870694977e-11
802 1.20964870694928e-11
803 1.20964870694881e-11
804 1.20964870694837e-11
805 1.20964870694795e-11
806 1.20964870694756e-11
807 1.2096487069472e-11
808 1.20964870694685e-11
809 1.20964870694653e-11
810 1.20964870694622e-11
811 1.20964870694593e-11
812 1.20964870694566e-11
813 1.20964870694541e-11
814 1.20964870694517e-11
815 1.20964870694494e-11
816 1.20964870694473e-11
817 1.20964870694453e-11
818 1.20964870694434e-11
819 1.20964870694416e-11
820 1.20964870694399e-11
821 1.20964870694384e-11
822 1.20964870694369e-11
823 1.20964870694355e-11
824 1.20964870694342e-11
825 1.2096487069433e-11
826 1.20964870694318e-11
827 1.20964870694307e-11
828 1.20964870694297e-11
829 1.20964870694287e-11
830 1.20964870694278e-11
831 1.2096487069427e-11
832 1.20964870694262e-11
833 1.20964870694254e-11
834 1.20964870694247e-11
835 1.2096487069424e-11
836 1.20964870694234e-11
837 1.20964870694228e-11
838 1.20964870694222e-11
839 1.20964870694217e-11
840 1.20964870694212e-11
841 1.20964870694208e-11
842 1.20964870694203e-11
843 1.20964870694199e-11
844 1.20964870694195e-11
845 1.20964870694191e-11
846 1.20964870694188e-11
847 1.20964870694185e-11
848 1.20964870694182e-11
849 1.20964870694179e-11
850 1.20964870694176e-11
851 1.20964870694174e-11
852 1.20964870694171e-11
853 1.20964870694169e-11
854 1.20964870694167e-11
855 1.20964870694165e-11
856 1.20964870694163e-11
857 1.20964870694161e-11
858 1.2096487069416e-11
859 1.20964870694158e-11
860 1.20964870694157e-11
861 1.20964870694155e-11
862 1.20964870694154e-11
863 1.20964870694153e-11
864 1.20964870694151e-11
865 1.2096487069415e-11
866 1.20964870694149e-11
867 1.20964870694148e-11
868 1.20964870694148e-11
869 1.20964870694147e-11
870 1.20964870694146e-11
871 1.20964870694145e-11
872 1.20964870694144e-11
873 1.20964870694144e-11
874 1.20964870694143e-11
875 1.20964870694143e-11
876 1.20964870694142e-11
877 1.20964870694141e-11
878 1.20964870694141e-11
879 1.2096487069414e-11
880 1.2096487069414e-11
881 1.2096487069414e-11
882 1.20964870694139e-11
883 1.20964870694139e-11
884 1.20964870694139e-11
885 1.20964870694138e-11
886 1.20964870694138e-11
887 1.20964870694138e-11
888 1.20964870694137e-11
889 1.20964870694137e-11
890 1.20964870694137e-11
891 1.20964870694137e-11
892 1.20964870694136e-11
893 1.20964870694136e-11
894 1.20964870694136e-11
895 1.20964870694136e-11
896 1.20964870694136e-11
897 1.20964870694136e-11
898 1.20964870694135e-11
899 1.20964870694135e-11
900 1.20964870694135e-11
901 1.20964870694135e-11
902 1.20964870694135e-11
903 1.20964870694135e-11
904 1.20964870694135e-11
905 1.20964870694135e-11
906 1.20964870694134e-11
907 1.20964870694134e-11
908 1.20964870694134e-11
909 1.20964870694134e-11
910 1.20964870694134e-11
911 1.20964870694134e-11
912 1.20964870694134e-11
913 1.20964870694134e-11
914 1.20964870694134e-11
915 1.20964870694134e-11
916 1.20964870694134e-11
917 1.20964870694134e-11
918 1.20964870694134e-11
919 1.20964870694134e-11
920 1.20964870694134e-11
921 1.20964870694134e-11
922 1.20964870694134e-11
923 1.20964870694134e-11
924 1.20964870694134e-11
925 1.20964870694134e-11
926 1.20964870694133e-11
927 1.20964870694133e-11
928 1.20964870694133e-11
929 1.20964870694133e-11
930 1.20964870694133e-11
931 1.20964870694133e-11
932 1.20964870694133e-11
933 1.20964870694133e-11
934 1.20964870694133e-11
935 1.20964870694133e-11
936 1.20964870694133e-11
937 1.20964870694133e-11
938 1.20964870694133e-11
939 1.20964870694133e-11
940 1.20964870694133e-11
941 1.20964870694133e-11
942 1.20964870694133e-11
943 1.20964870694133e-11
944 1.20964870694133e-11
945 1.20964870694133e-11
946 1.20964870694133e-11
947 1.20964870694133e-11
948 1.20964870694133e-11
949 1.20964870694133e-11
950 1.20964870694133e-11
951 1.20964870694133e-11
952 1.20964870694133e-11
953 1.20964870694133e-11
954 1.20964870694133e-11
955 1.20964870694133e-11
956 1.20964870694133e-11
957 1.20964870694133e-11
958 1.20964870694133e-11
959 1.20964870694133e-11
960 1.20964870694133e-11
961 1.20964870694133e-11
962 1.20964870694133e-11
963 1.20964870694133e-11
964 1.20964870694133e-11
965 1.20964870694133e-11
966 1.20964870694133e-11
967 1.20964870694133e-11
968 1.20964870694133e-11
969 1.20964870694133e-11
970 1.20964870694133e-11
971 1.20964870694133e-11
972 1.20964870694133e-11
973 1.20964870694133e-11
974 1.20964870694133e-11
975 1.20964870694133e-11
976 1.20964870694133e-11
977 1.20964870694133e-11
978 1.20964870694133e-11
979 1.20964870694133e-11
980 1.20964870694133e-11
981 1.20964870694133e-11
982 1.20964870694133e-11
983 1.20964870694133e-11
984 1.20964870694133e-11
985 1.20964870694133e-11
986 1.20964870694133e-11
987 1.20964870694133e-11
988 1.20964870694133e-11
989 1.20964870694133e-11
990 1.20964870694133e-11
991 1.20964870694133e-11
992 1.20964870694133e-11
993 1.20964870694133e-11
994 1.20964870694133e-11
995 1.20964870694133e-11
996 1.20964870694133e-11
997 1.20964870694133e-11
998 1.20964870694133e-11
999 1.20964870694133e-11
