0 -nan
1 -2.6481
2 -1.71006
3 -1.36613
4 -1.05302
5 -0.839266
6 -0.632283
7 -0.484358
8 -0.328502
9 -0.216988
10 -0.0900291
11 -0.00256226
12 0.105665
13 0.175096
14 0.27006
15 0.324591
16 0.409461
17 0.45083
18 0.52757
19 0.556847
20 0.626744
21 0.644774
22 0.708733
23 0.716418
24 0.775132
25 0.773616
26 0.827669
27 0.818423
28 0.868349
29 0.853153
30 0.899448
31 0.880273
32 0.923392
33 0.902222
34 0.942559
35 0.921205
36 0.95908
37 0.939029
38 0.974692
39 0.957032
40 0.990679
41 0.976095
42 1.00788
43 0.996711
44 1.02679
45 1.01909
46 1.0476
47 1.04325
48 1.07033
49 1.06908
50 1.09489
51 1.09644
52 1.12112
53 1.12514
54 1.14883
55 1.15501
56 1.17784
57 1.18587
58 1.20796
59 1.21758
60 1.23903
61 1.24999
62 1.2709
63 1.28299
64 1.30344
65 1.31648
66 1.33653
67 1.35036
68 1.37008
69 1.38458
70 1.40401
71 1.41906
72 1.43824
73 1.45375
74 1.47272
75 1.4886
76 1.5074
77 1.5236
78 1.54223
79 1.55869
80 1.5772
81 1.59387
82 1.61226
83 1.62911
84 1.6474
85 1.6644
86 1.68261
87 1.69973
88 1.71786
89 1.73509
90 1.75317
91 1.77048
92 1.7885
93 1.80589
94 1.82387
95 1.84132
96 1.85927
97 1.87677
98 1.8947
99 1.91225
100 1.93017
101 1.94776
102 1.96566
103 1.9833
104 2.0012
105 2.01888
106 2.03677
107 2.05449
108 2.07239
109 2.09015
110 2.10806
111 2.12586
112 2.14379
113 2.16162
114 2.17957
115 2.19745
116 2.21542
117 2.23334
118 2.25134
119 2.2693
120 2.28734
121 2.30535
122 2.32342
123 2.34147
124 2.35959
125 2.37769
126 2.39586
127 2.41401
128 2.43222
129 2.45043
130 2.46869
131 2.48695
132 2.50527
133 2.52359
134 2.54197
135 2.56035
136 2.57878
137 2.59724
138 2.61573
139 2.63425
140 2.65281
141 2.6714
142 2.69003
143 2.70869
144 2.7274
145 2.74613
146 2.76491
147 2.78372
148 2.80258
149 2.82147
150 2.8404
151 2.85938
152 2.8784
153 2.89745
154 2.91656
155 2.9357
156 2.95489
157 2.97413
158 2.99341
159 3.01273
160 3.03211
161 3.05153
162 3.071
163 3.09051
164 3.11008
165 3.1297
166 3.14936
167 3.16908
168 3.18885
169 3.20867
170 3.22854
171 3.24846
172 3.26844
173 3.28848
174 3.30857
175 3.32871
176 3.34891
177 3.36917
178 3.38948
179 3.40985
180 3.43028
181 3.45077
182 3.47132
183 3.49192
184 3.51259
185 3.53332
186 3.55411
187 3.57496
188 3.59588
189 3.61686
190 3.6379
191 3.659
192 3.68018
193 3.70141
194 3.72272
195 3.74408
196 3.76552
197 3.78702
198 3.8086
199 3.83024
200 3.85195
201 3.87373
202 3.89558
203 3.9175
204 3.93949
205 3.96155
206 3.98369
207 4.0059
208 4.02818
209 4.05054
210 4.07297
211 4.09548
212 4.11806
213 4.14072
214 4.16346
215 4.18627
216 4.20916
217 4.23213
218 4.25518
219 4.27831
220 4.30152
221 4.32481
222 4.34818
223 4.37163
224 4.39517
225 4.41878
226 4.44248
227 4.46627
228 4.49014
229 4.51409
230 4.53813
231 4.56226
232 4.58647
233 4.61077
234 4.63516
235 4.65963
236 4.68419
237 4.70885
238 4.73359
239 4.75842
240 4.78335
241 4.80836
242 4.83347
243 4.85867
244 4.88396
245 4.90935
246 4.93482
247 4.9604
248 4.98607
249 5.01183
250 5.03769
251 5.06365
252 5.0897
253 5.11585
254 5.1421
255 5.16844
256 5.19489
257 5.22143
258 5.24807
259 5.27481
260 5.30166
261 5.3286
262 5.35564
263 5.38279
264 5.41004
265 5.43739
266 5.46484
267 5.49239
268 5.52005
269 5.54781
270 5.57567
271 5.60364
272 5.63171
273 5.65988
274 5.68816
275 5.71654
276 5.74502
277 5.77361
278 5.8023
279 5.8311
280 5.85999
281 5.889
282 5.9181
283 5.94731
284 5.97662
285 6.00603
286 6.03554
287 6.06515
288 6.09487
289 6.12468
290 6.15459
291 6.18459
292 6.21469
293 6.24489
294 6.27518
295 6.30556
296 6.33603
297 6.36659
298 6.39723
299 6.42796
300 6.45877
301 6.48966
302 6.52062
303 6.55166
304 6.58277
305 6.61394
306 6.64517
307 6.67647
308 6.70781
309 6.73921
310 6.77065
311 6.80212
312 6.83363
313 6.86517
314 6.89672
315 6.92828
316 6.95985
317 6.99141
318 7.02295
319 7.05447
320 7.08595
321 7.11739
322 7.14877
323 7.18007
324 7.21129
325 7.24241
326 7.27341
327 7.30428
328 7.335
329 7.36554
330 7.3959
331 7.42604
332 7.45594
333 7.48558
334 7.51493
335 7.54397
336 7.57265
337 7.60096
338 7.62885
339 7.6563
340 7.68325
341 7.70968
342 7.73553
343 7.76076
344 7.78533
345 7.80918
346 7.83225
347 7.85449
348 7.87584
349 7.89623
350 7.91559
351 7.93386
352 7.95096
353 7.9668
354 7.9813
355 7.99438
356 8.00595
357 8.0159
358 8.02414
359 8.03057
360 8.03506
361 8.03752
362 8.03782
363 8.03583
364 8.03144
365 8.02451
366 8.01491
367 8.00251
368 7.98715
369 7.96871
370 7.94703
371 7.92196
372 7.89337
373 7.86111
374 7.82502
375 7.78497
376 7.74081
377 7.69241
378 7.63964
379 7.58237
380 7.52049
381 7.45388
382 7.38246
383 7.30614
384 7.22485
385 7.13854
386 7.04719
387 6.95078
388 6.84931
389 6.74283
390 6.63138
391 6.51505
392 6.39395
393 6.26822
394 6.13802
395 6.00355
396 5.86503
397 5.72272
398 5.57688
399 5.42783
400 5.2759
401 5.12143
402 4.9648
403 4.80639
404 4.64661
405 4.48587
406 4.3246
407 4.16322
408 4.00215
409 3.84181
410 3.68262
411 3.52498
412 3.36928
413 3.21588
414 3.06514
415 2.91738
416 2.77289
417 2.63195
418 2.49481
419 2.36166
420 2.2327
421 2.10807
422 1.9879
423 1.87228
424 1.76126
425 1.65489
426 1.55317
427 1.45609
428 1.36361
429 1.27567
430 1.1922
431 1.1131
432 1.03827
433 0.967592
434 0.900935
435 0.838162
436 0.77913
437 0.723692
438 0.671696
439 0.622988
440 0.577415
441 0.534823
442 0.495061
443 0.457978
444 0.423429
445 0.39127
446 0.361364
447 0.333575
448 0.307775
449 0.283841
450 0.261653
451 0.241098
452 0.22207
453 0.204465
454 0.188187
455 0.173145
456 0.159252
457 0.146427
458 0.134594
459 0.12368
460 0.11362
461 0.104349
462 0.0958104
463 0.087948
464 0.0807113
465 0.0740527
466 0.0679279
467 0.0622959
468 0.0571186
469 0.0523605
470 0.0479889
471 0.0439733
472 0.0402858
473 0.0369002
474 0.0337925
475 0.0309405
476 0.0283237
477 0.0259232
478 0.0237215
479 0.0217025
480 0.0198514
481 0.0181545
482 0.0165992
483 0.0151739
484 0.0138681
485 0.0126717
486 0.0115759
487 0.0105724
488 0.00965346
489 0.00881213
490 0.00804197
491 0.00733706
492 0.00669197
493 0.00610171
494 0.00556171
495 0.00506777
496 0.00461602
497 0.00420294
498 0.00382527
499 0.00348004
500 0.00316451
501 0.00287619
502 0.00261278
503 0.00237218
504 0.00215245
505 0.00195182
506 0.00176868
507 0.00160155
508 0.00144906
509 0.00130996
510 0.00118311
511 0.00106748
512 0.000962089
513 0.000866073
514 0.000778625
515 0.000699011
516 0.000626556
517 0.000560645
518 0.000500711
519 0.00044624
520 0.000396757
521 0.00035183
522 0.000311064
523 0.000274096
524 0.000240593
525 0.000210254
526 0.000182801
527 0.000157979
528 0.000135557
529 0.000115323
530 9.70819e-05
531 8.06574e-05
532 6.5887e-05
533 5.26225e-05
534 4.07285e-05
535 3.00811e-05
536 2.05675e-05
537 1.20842e-05
538 4.53688e-06
539 -2.16048e-06
540 -8.08658e-06
541 -1.33132e-05
542 -1.79059e-05
543 -2.19243e-05
544 -2.54232e-05
545 -2.84521e-05
546 -3.10564e-05
547 -3.32776e-05
548 -3.51532e-05
549 -3.67176e-05
550 -3.8002e-05
551 -3.90349e-05
552 -3.98422e-05
553 -4.04474e-05
554 -4.0872e-05
555 -4.11355e-05
556 -4.12556e-05
557 -4.12482e-05
558 -4.1128e-05
559 -4.09083e-05
560 -4.0601e-05
561 -4.02169e-05
562 -3.9766e-05
563 -3.9257e-05
564 -3.86981e-05
565 -3.80964e-05
566 -3.74586e-05
567 -3.67904e-05
568 -3.60973e-05
569 -3.5384e-05
570 -3.46548e-05
571 -3.39134e-05
572 -3.31633e-05
573 -3.24077e-05
574 -3.16491e-05
575 -3.08901e-05
576 -3.01327e-05
577 -2.9379e-05
578 -2.86304e-05
579 -2.78886e-05
580 -2.71547e-05
581 -2.64299e-05
582 -2.57152e-05
583 -2.50113e-05
584 -2.4319e-05
585 -2.36389e-05
586 -2.29714e-05
587 -2.23169e-05
588 -2.16757e-05
589 -2.10482e-05
590 -2.04344e-05
591 -1.98345e-05
592 -1.92485e-05
593 -1.86765e-05
594 -1.81185e-05
595 -1.75743e-05
596 -1.7044e-05
597 -1.65273e-05
598 -1.60241e-05
599 -1.55344e-05
600 -1.50578e-05
601 -1.45943e-05
602 -1.41435e-05
603 -1.37053e-05
604 -1.32795e-05
605 -1.28657e-05
606 -1.24638e-05
607 -1.20736e-05
608 -1.16947e-05
609 -1.13268e-05
610 -1.09699e-05
611 -1.06235e-05
612 -1.02875e-05
613 -9.96155e-06
614 -9.64542e-06
615 -9.33887e-06
616 -9.04164e-06
617 -8.75348e-06
618 -8.47416e-06
619 -8.20343e-06
620 -7.94105e-06
621 -7.68679e-06
622 -7.44043e-06
623 -7.20174e-06
624 -6.9705e-06
625 -6.7465e-06
626 -6.52952e-06
627 -6.31937e-06
628 -6.11583e-06
629 -5.91871e-06
630 -5.72783e-06
631 -5.543e-06
632 -5.36402e-06
633 -5.19073e-06
634 -5.02296e-06
635 -4.86053e-06
636 -4.70328e-06
637 -4.55106e-06
638 -4.4037e-06
639 -4.26106e-06
640 -4.12299e-06
641 -3.98935e-06
642 -3.86e-06
643 -3.7348e-06
644 -3.61363e-06
645 -3.49636e-06
646 -3.38286e-06
647 -3.27302e-06
648 -3.16673e-06
649 -3.06386e-06
650 -2.96432e-06
651 -2.86799e-06
652 -2.77477e-06
653 -2.68457e-06
654 -2.59728e-06
655 -2.51282e-06
656 -2.4311e-06
657 -2.35202e-06
658 -2.2755e-06
659 -2.20147e-06
660 -2.12983e-06
661 -2.06052e-06
662 -1.99345e-06
663 -1.92857e-06
664 -1.86579e-06
665 -1.80504e-06
666 -1.74627e-06
667 -1.68941e-06
668 -1.63439e-06
669 -1.58117e-06
670 -1.52967e-06
671 -1.47985e-06
672 -1.43165e-06
673 -1.38501e-06
674 -1.33989e-06
675 -1.29624e-06
676 -1.25401e-06
677 -1.21315e-06
678 -1.17362e-06
679 -1.13538e-06
680 -1.09838e-06
681 -1.06259e-06
682 -1.02796e-06
683 -9.94464e-07
684 -9.62055e-07
685 -9.30701e-07
686 -9.00368e-07
687 -8.71022e-07
688 -8.42633e-07
689 -8.15168e-07
690 -7.88597e-07
691 -7.62893e-07
692 -7.38025e-07
693 -7.13968e-07
694 -6.90694e-07
695 -6.68179e-07
696 -6.46397e-07
697 -6.25326e-07
698 -6.0494e-07
699 -5.85219e-07
700 -5.66141e-07
701 -5.47684e-07
702 -5.29829e-07
703 -5.12556e-07
704 -4.95846e-07
705 -4.7968e-07
706 -4.64041e-07
707 -4.48912e-07
708 -4.34276e-07
709 -4.20118e-07
710 -4.0642e-07
711 -3.93169e-07
712 -3.80351e-07
713 -3.6795e-07
714 -3.55953e-07
715 -3.44347e-07
716 -3.3312e-07
717 -3.22258e-07
718 -3.11751e-07
719 -3.01587e-07
720 -2.91753e-07
721 -2.8224e-07
722 -2.73038e-07
723 -2.64135e-07
724 -2.55523e-07
725 -2.47191e-07
726 -2.39131e-07
727 -2.31334e-07
728 -2.23791e-07
729 -2.16494e-07
730 -2.09435e-07
731 -2.02606e-07
732 -1.96e-07
733 -1.89609e-07
734 -1.83427e-07
735 -1.77446e-07
736 -1.7166e-07
737 -1.66063e-07
738 -1.60648e-07
739 -1.5541e-07
740 -1.50342e-07
741 -1.4544e-07
742 -1.40698e-07
743 -1.3611e-07
744 -1.31672e-07
745 -1.27378e-07
746 -1.23225e-07
747 -1.19207e-07
748 -1.1532e-07
749 -1.11559e-07
750 -1.07922e-07
751 -1.04403e-07
752 -1.00999e-07
753 -9.77052e-08
754 -9.45193e-08
755 -9.14373e-08
756 -8.84557e-08
757 -8.55714e-08
758 -8.27812e-08
759 -8.00819e-08
760 -7.74706e-08
761 -7.49445e-08
762 -7.25007e-08
763 -7.01367e-08
764 -6.78497e-08
765 -6.56373e-08
766 -6.3497e-08
767 -6.14265e-08
768 -5.94235e-08
769 -5.74859e-08
770 -5.56114e-08
771 -5.37981e-08
772 -5.20438e-08
773 -5.03468e-08
774 -4.87051e-08
775 -4.7117e-08
776 -4.55806e-08
777 -4.40943e-08
778 -4.26565e-08
779 -4.12656e-08
780 -3.992e-08
781 -3.86183e-08
782 -3.7359e-08
783 -3.61409e-08
784 -3.49624e-08
785 -3.38223e-08
786 -3.27195e-08
787 -3.16526e-08
788 -3.06204e-08
789 -2.9622e-08
790 -2.86561e-08
791 -2.77217e-08
792 -2.68177e-08
793 -2.59433e-08
794 -2.50973e-08
795 -2.4279e-08
796 -2.34873e-08
797 -2.27214e-08
798 -2.19805e-08
799 -2.12638e-08
800 -2.05704e-08
801 -1.98997e-08
802 -1.92508e-08
803 -1.86231e-08
804 -1.80158e-08
805 -1.74283e-08
806 -1.686e-08
807 -1.63103e-08
808 -1.57784e-08
809 -1.52639e-08
810 -1.47662e-08
811 -1.42847e-08
812 -1.38189e-08
813 -1.33683e-08
814 -1.29324e-08
815 -1.25107e-08
816 -1.21028e-08
817 -1.17081e-08
818 -1.13264e-08
819 -1.0957e-08
820 -1.05997e-08
821 -1.02541e-08
822 -9.91974e-09
823 -9.59628e-09
824 -9.28337e-09
825 -8.98066e-09
826 -8.68782e-09
827 -8.40453e-09
828 -8.13048e-09
829 -7.86536e-09
830 -7.60889e-09
831 -7.36078e-09
832 -7.12076e-09
833 -6.88857e-09
834 -6.66395e-09
835 -6.44665e-09
836 -6.23644e-09
837 -6.03309e-09
838 -5.83636e-09
839 -5.64605e-09
840 -5.46195e-09
841 -5.28384e-09
842 -5.11155e-09
843 -4.94487e-09
844 -4.78363e-09
845 -4.62765e-09
846 -4.47675e-09
847 -4.33078e-09
848 -4.18956e-09
849 -4.05295e-09
850 -3.92079e-09
851 -3.79294e-09
852 -3.66926e-09
853 -3.54962e-09
854 -3.43387e-09
855 -3.3219e-09
856 -3.21358e-09
857 -3.10879e-09
858 -3.00742e-09
859 -2.90936e-09
860 -2.81449e-09
861 -2.72271e-09
862 -2.63393e-09
863 -2.54805e-09
864 -2.46496e-09
865 -2.38458e-09
866 -2.30683e-09
867 -2.23161e-09
868 -2.15884e-09
869 -2.08844e-09
870 -2.02035e-09
871 -1.95447e-09
872 -1.89074e-09
873 -1.82908e-09
874 -1.76944e-09
875 -1.71174e-09
876 -1.65593e-09
877 -1.60193e-09
878 -1.5497e-09
879 -1.49916e-09
880 -1.45028e-09
881 -1.40299e-09
882 -1.35724e-09
883 -1.31298e-09
884 -1.27017e-09
885 -1.22875e-09
886 -1.18869e-09
887 -1.14993e-09
888 -1.11243e-09
889 -1.07616e-09
890 -1.04106e-09
891 -1.00712e-09
892 -9.74278e-10
893 -9.42509e-10
894 -9.11776e-10
895 -8.82045e-10
896 -8.53283e-10
897 -8.2546e-10
898 -7.98543e-10
899 -7.72505e-10
900 -7.47315e-10
901 -7.22947e-10
902 -6.99373e-10
903 -6.76568e-10
904 -6.54507e-10
905 -6.33165e-10
906 -6.12519e-10
907 -5.92546e-10
908 -5.73224e-10
909 -5.54533e-10
910 -5.36451e-10
911 -5.18958e-10
912 -5.02036e-10
913 -4.85666e-10
914 -4.69829e-10
915 -4.54509e-10
916 -4.39689e-10
917 -4.25352e-10
918 -4.11482e-10
919 -3.98064e-10
920 -3.85084e-10
921 -3.72528e-10
922 -3.6038e-10
923 -3.48629e-10
924 -3.37261e-10
925 -3.26264e-10
926 -3.15625e-10
927 -3.05333e-10
928 -2.95377e-10
929 -2.85745e-10
930 -2.76428e-10
931 -2.67414e-10
932 -2.58694e-10
933 -2.50259e-10
934 -2.42099e-10
935 -2.34204e-10
936 -2.26567e-10
937 -2.1918e-10
938 -2.12033e-10
939 -2.05119e-10
940 -1.9843e-10
941 -1.9196e-10
942 -1.85701e-10
943 -1.79645e-10
944 -1.73787e-10
945 -1.68121e-10
946 -1.62639e-10
947 -1.57335e-10
948 -1.52205e-10
949 -1.47242e-10
950 -1.42441e-10
951 -1.37796e-10
952 -1.33303e-10
953 -1.28956e-10
954 -1.24751e-10
955 -1.20683e-10
956 -1.16748e-10
957 -1.12941e-10
958 -1.09258e-10
959 -1.05696e-10
960 -1.02249e-10
961 -9.89151e-11
962 -9.56897e-11
963 -9.25695e-11
964 -8.9551e-11
965 -8.66309e-11
966 -8.38061e-11
967 -8.10734e-11
968 -7.84298e-11
969 -7.58723e-11
970 -7.33983e-11
971 -7.1005e-11
972 -6.86896e-11
973 -6.64498e-11
974 -6.42831e-11
975 -6.21869e-11
976 -6.01592e-11
977 -5.81975e-11
978 -5.62998e-11
979 -5.4464e-11
980 -5.2688e-11
981 -5.097e-11
982 -4.9308e-11
983 -4.77002e-11
984 -4.61448e-11
985 -4.46401e-11
986 -4.31845e-11
987 -4.17763e-11
988 -4.04141e-11
989 -3.90963e-11
990 -3.78214e-11
991 -3.65882e-11
992 -3.53951e-11
993 -3.4241e-11
994 -3.31244e-11
995 -3.20443e-11
996 -3.09994e-11
997 -2.99886e-11
998 -2.90108e-11
999 -2.80648e-11
