0 -nan
1 -2.6481
2 -1.63089
3 -1.13713
4 -0.819828
5 -0.589838
6 -0.412144
7 -0.269729
8 -0.153138
9 -0.0565771
10 0.0237969
11 0.0907236
12 0.146291
13 0.19219
14 0.229866
15 0.2606
16 0.285557
17 0.305808
18 0.322339
19 0.336043
20 0.347719
21 0.358061
22 0.367655
23 0.376975
24 0.386388
25 0.396157
26 0.406454
27 0.417373
28 0.428945
29 0.441148
30 0.453927
31 0.467204
32 0.480886
33 0.49488
34 0.509091
35 0.523435
36 0.537834
37 0.552223
38 0.566549
39 0.580768
40 0.594848
41 0.608765
42 0.622505
43 0.636057
44 0.649419
45 0.662591
46 0.675578
47 0.688385
48 0.701022
49 0.713497
50 0.725821
51 0.738004
52 0.750057
53 0.76199
54 0.773813
55 0.785535
56 0.797165
57 0.808712
58 0.820184
59 0.831587
60 0.842929
61 0.854215
62 0.865451
63 0.876642
64 0.887794
65 0.898909
66 0.909992
67 0.921047
68 0.932075
69 0.943082
70 0.954067
71 0.965036
72 0.975988
73 0.986926
74 0.997853
75 1.00877
76 1.01967
77 1.03057
78 1.04146
79 1.05235
80 1.06323
81 1.07411
82 1.08498
83 1.09585
84 1.10672
85 1.11759
86 1.12846
87 1.13933
88 1.1502
89 1.16107
90 1.17194
91 1.18281
92 1.19368
93 1.20456
94 1.21544
95 1.22632
96 1.23721
97 1.2481
98 1.25899
99 1.26989
100 1.28079
101 1.29169
102 1.30261
103 1.31352
104 1.32444
105 1.33537
106 1.3463
107 1.35724
108 1.36818
109 1.37913
110 1.39009
111 1.40105
112 1.41202
113 1.423
114 1.43398
115 1.44497
116 1.45597
117 1.46697
118 1.47799
119 1.48901
120 1.50004
121 1.51107
122 1.52212
123 1.53317
124 1.54423
125 1.55531
126 1.56639
127 1.57748
128 1.58857
129 1.59968
130 1.6108
131 1.62193
132 1.63306
133 1.64421
134 1.65537
135 1.66654
136 1.67771
137 1.6889
138 1.7001
139 1.71131
140 1.72253
141 1.73376
142 1.74501
143 1.75626
144 1.76753
145 1.77881
146 1.79009
147 1.8014
148 1.81271
149 1.82404
150 1.83537
151 1.84673
152 1.85809
153 1.86947
154 1.88085
155 1.89226
156 1.90367
157 1.9151
158 1.92654
159 1.938
160 1.94947
161 1.96095
162 1.97245
163 1.98396
164 1.99549
165 2.00703
166 2.01858
167 2.03015
168 2.04174
169 2.05334
170 2.06495
171 2.07658
172 2.08823
173 2.09989
174 2.11156
175 2.12325
176 2.13496
177 2.14669
178 2.15843
179 2.17018
180 2.18195
181 2.19374
182 2.20555
183 2.21737
184 2.22921
185 2.24107
186 2.25294
187 2.26483
188 2.27674
189 2.28866
190 2.30061
191 2.31257
192 2.32454
193 2.33654
194 2.34856
195 2.36059
196 2.37264
197 2.38471
198 2.3968
199 2.40891
200 2.42104
201 2.43318
202 2.44535
203 2.45753
204 2.46973
205 2.48196
206 2.4942
207 2.50646
208 2.51874
209 2.53105
210 2.54337
211 2.55571
212 2.56808
213 2.58046
214 2.59287
215 2.60529
216 2.61774
217 2.6302
218 2.64269
219 2.6552
220 2.66773
221 2.68029
222 2.69286
223 2.70546
224 2.71807
225 2.73071
226 2.74338
227 2.75606
228 2.76877
229 2.78149
230 2.79425
231 2.80702
232 2.81982
233 2.83264
234 2.84548
235 2.85834
236 2.87123
237 2.88414
238 2.89708
239 2.91004
240 2.92302
241 2.93603
242 2.94906
243 2.96211
244 2.97519
245 2.98829
246 3.00142
247 3.01457
248 3.02774
249 3.04094
250 3.05417
251 3.06741
252 3.08069
253 3.09398
254 3.10731
255 3.12065
256 3.13403
257 3.14742
258 3.16085
259 3.17429
260 3.18776
261 3.20126
262 3.21478
263 3.22833
264 3.2419
265 3.2555
266 3.26912
267 3.28277
268 3.29644
269 3.31014
270 3.32387
271 3.33761
272 3.35139
273 3.36518
274 3.37901
275 3.39285
276 3.40672
277 3.42062
278 3.43454
279 3.44848
280 3.46245
281 3.47644
282 3.49045
283 3.50449
284 3.51855
285 3.53263
286 3.54673
287 3.56086
288 3.575
289 3.58917
290 3.60336
291 3.61756
292 3.63179
293 3.64603
294 3.66029
295 3.67457
296 3.68886
297 3.70317
298 3.7175
299 3.73183
300 3.74618
301 3.76054
302 3.77491
303 3.78929
304 3.80367
305 3.81807
306 3.83246
307 3.84686
308 3.86125
309 3.87565
310 3.89004
311 3.90443
312 3.9188
313 3.93317
314 3.94752
315 3.96185
316 3.97617
317 3.99046
318 4.00472
319 4.01895
320 4.03315
321 4.04731
322 4.06142
323 4.07549
324 4.0895
325 4.10345
326 4.11733
327 4.13114
328 4.14487
329 4.15852
330 4.17207
331 4.18552
332 4.19885
333 4.21207
334 4.22515
335 4.2381
336 4.25089
337 4.26351
338 4.27597
339 4.28823
340 4.30028
341 4.31212
342 4.32372
343 4.33507
344 4.34615
345 4.35694
346 4.36742
347 4.37757
348 4.38737
349 4.39679
350 4.40581
351 4.4144
352 4.42253
353 4.43018
354 4.43732
355 4.4439
356 4.44991
357 4.45529
358 4.46001
359 4.46404
360 4.46733
361 4.46984
362 4.47153
363 4.47233
364 4.47222
365 4.47113
366 4.46901
367 4.46581
368 4.46146
369 4.45592
370 4.44911
371 4.44099
372 4.43147
373 4.4205
374 4.40801
375 4.39394
376 4.37821
377 4.36075
378 4.3415
379 4.32038
380 4.29733
381 4.27228
382 4.24517
383 4.21593
384 4.18449
385 4.15081
386 4.11483
387 4.0765
388 4.03577
389 3.99261
390 3.94698
391 3.89887
392 3.84826
393 3.79515
394 3.73953
395 3.68143
396 3.62088
397 3.5579
398 3.49256
399 3.42492
400 3.35506
401 3.28307
402 3.20906
403 3.13314
404 3.05544
405 2.97612
406 2.89533
407 2.81323
408 2.73001
409 2.64585
410 2.56095
411 2.4755
412 2.38972
413 2.30381
414 2.21798
415 2.13245
416 2.04741
417 1.96307
418 1.87963
419 1.79728
420 1.7162
421 1.63656
422 1.55851
423 1.48221
424 1.40779
425 1.33536
426 1.26502
427 1.19688
428 1.131
429 1.06744
430 1.00625
431 0.947456
432 0.891077
433 0.837118
434 0.785571
435 0.736419
436 0.689632
437 0.645173
438 0.602996
439 0.563048
440 0.52527
441 0.489597
442 0.45596
443 0.424287
444 0.394503
445 0.366532
446 0.340295
447 0.315714
448 0.29271
449 0.271205
450 0.251123
451 0.232388
452 0.214927
453 0.198667
454 0.183539
455 0.169475
456 0.156412
457 0.144287
458 0.133041
459 0.122617
460 0.112961
461 0.104023
462 0.0957545
463 0.0881087
464 0.0810431
465 0.0745169
466 0.0684919
467 0.0629322
468 0.0578042
469 0.0530764
470 0.0487193
471 0.0447055
472 0.0410092
473 0.0376066
474 0.0344755
475 0.0315951
476 0.0289461
477 0.0265108
478 0.0242726
479 0.0222161
480 0.0203272
481 0.0185925
482 0.017
483 0.0155383
484 0.0141971
485 0.0129668
486 0.0118384
487 0.0108037
488 0.00985528
489 0.00898607
490 0.00818966
491 0.00746013
492 0.00679203
493 0.00618034
494 0.00562043
495 0.00510805
496 0.00463929
497 0.00421055
498 0.00381853
499 0.00346017
500 0.00313268
501 0.0028335
502 0.00256026
503 0.0023108
504 0.00208313
505 0.00187541
506 0.00168598
507 0.00151328
508 0.00135592
509 0.00121259
510 0.0010821
511 0.000963364
512 0.00085538
513 0.000757231
514 0.000668075
515 0.000587141
516 0.000513724
517 0.000447174
518 0.0003869
519 0.000332356
520 0.000283046
521 0.000238512
522 0.000198338
523 0.00016214
524 0.000129569
525 0.000100304
526 7.40506e-05
527 5.05416e-05
528 2.95309e-05
529 1.07938e-05
530 -5.87528e-06
531 -2.06643e-05
532 -3.37451e-05
533 -4.52747e-05
534 -5.53968e-05
535 -6.42425e-05
536 -7.19316e-05
537 -7.85736e-05
538 -8.42684e-05
539 -8.91072e-05
540 -9.31733e-05
541 -9.65425e-05
542 -9.92841e-05
543 -0.000101461
544 -0.000103131
545 -0.000104347
546 -0.000105156
547 -0.000105602
548 -0.000105723
549 -0.000105557
550 -0.000105136
551 -0.000104489
552 -0.000103644
553 -0.000102624
554 -0.000101452
555 -0.000100148
556 -9.87311e-05
557 -9.72162e-05
558 -9.56189e-05
559 -9.39524e-05
560 -9.22289e-05
561 -9.04591e-05
562 -8.86529e-05
563 -8.6819e-05
564 -8.49653e-05
565 -8.30989e-05
566 -8.12259e-05
567 -7.93521e-05
568 -7.74822e-05
569 -7.56209e-05
570 -7.37718e-05
571 -7.19386e-05
572 -7.0124e-05
573 -6.83308e-05
574 -6.65613e-05
575 -6.48173e-05
576 -6.31005e-05
577 -6.14123e-05
578 -5.9754e-05
579 -5.81264e-05
580 -5.65304e-05
581 -5.49665e-05
582 -5.34352e-05
583 -5.19369e-05
584 -5.04717e-05
585 -4.90397e-05
586 -4.76409e-05
587 -4.62752e-05
588 -4.49425e-05
589 -4.36425e-05
590 -4.23749e-05
591 -4.11395e-05
592 -3.99357e-05
593 -3.87632e-05
594 -3.76214e-05
595 -3.651e-05
596 -3.54284e-05
597 -3.43761e-05
598 -3.33525e-05
599 -3.23571e-05
600 -3.13892e-05
601 -3.04484e-05
602 -2.95339e-05
603 -2.86454e-05
604 -2.7782e-05
605 -2.69433e-05
606 -2.61287e-05
607 -2.53376e-05
608 -2.45693e-05
609 -2.38235e-05
610 -2.30993e-05
611 -2.23964e-05
612 -2.17142e-05
613 -2.1052e-05
614 -2.04094e-05
615 -1.97859e-05
616 -1.91809e-05
617 -1.8594e-05
618 -1.80245e-05
619 -1.74721e-05
620 -1.69363e-05
621 -1.64166e-05
622 -1.59125e-05
623 -1.54236e-05
624 -1.49495e-05
625 -1.44897e-05
626 -1.40438e-05
627 -1.36115e-05
628 -1.31923e-05
629 -1.27858e-05
630 -1.23917e-05
631 -1.20097e-05
632 -1.16392e-05
633 -1.12801e-05
634 -1.0932e-05
635 -1.05945e-05
636 -1.02673e-05
637 -9.95017e-06
638 -9.64275e-06
639 -9.34476e-06
640 -9.05591e-06
641 -8.77594e-06
642 -8.50456e-06
643 -8.24153e-06
644 -7.9866e-06
645 -7.7395e-06
646 -7.50002e-06
647 -7.26791e-06
648 -7.04295e-06
649 -6.82493e-06
650 -6.61363e-06
651 -6.40885e-06
652 -6.21038e-06
653 -6.01805e-06
654 -5.83165e-06
655 -5.651e-06
656 -5.47594e-06
657 -5.30629e-06
658 -5.14188e-06
659 -4.98255e-06
660 -4.82815e-06
661 -4.67852e-06
662 -4.53352e-06
663 -4.39301e-06
664 -4.25684e-06
665 -4.12489e-06
666 -3.99702e-06
667 -3.87311e-06
668 -3.75304e-06
669 -3.63668e-06
670 -3.52392e-06
671 -3.41466e-06
672 -3.30878e-06
673 -3.20618e-06
674 -3.10676e-06
675 -3.01042e-06
676 -2.91707e-06
677 -2.8266e-06
678 -2.73894e-06
679 -2.654e-06
680 -2.57169e-06
681 -2.49193e-06
682 -2.41464e-06
683 -2.33975e-06
684 -2.26718e-06
685 -2.19685e-06
686 -2.12871e-06
687 -2.06268e-06
688 -1.9987e-06
689 -1.93671e-06
690 -1.87663e-06
691 -1.81842e-06
692 -1.76201e-06
693 -1.70735e-06
694 -1.65439e-06
695 -1.60307e-06
696 -1.55334e-06
697 -1.50515e-06
698 -1.45846e-06
699 -1.41321e-06
700 -1.36937e-06
701 -1.32689e-06
702 -1.28573e-06
703 -1.24584e-06
704 -1.20719e-06
705 -1.16974e-06
706 -1.13345e-06
707 -1.09829e-06
708 -1.06421e-06
709 -1.0312e-06
710 -9.99205e-07
711 -9.68205e-07
712 -9.38167e-07
713 -9.09061e-07
714 -8.80858e-07
715 -8.5353e-07
716 -8.27049e-07
717 -8.0139e-07
718 -7.76527e-07
719 -7.52435e-07
720 -7.29091e-07
721 -7.06471e-07
722 -6.84552e-07
723 -6.63314e-07
724 -6.42734e-07
725 -6.22793e-07
726 -6.03471e-07
727 -5.84748e-07
728 -5.66606e-07
729 -5.49027e-07
730 -5.31993e-07
731 -5.15487e-07
732 -4.99494e-07
733 -4.83997e-07
734 -4.6898e-07
735 -4.5443e-07
736 -4.40331e-07
737 -4.26669e-07
738 -4.13431e-07
739 -4.00604e-07
740 -3.88175e-07
741 -3.76132e-07
742 -3.64462e-07
743 -3.53154e-07
744 -3.42197e-07
745 -3.3158e-07
746 -3.21292e-07
747 -3.11324e-07
748 -3.01665e-07
749 -2.92305e-07
750 -2.83236e-07
751 -2.74448e-07
752 -2.65933e-07
753 -2.57682e-07
754 -2.49688e-07
755 -2.41941e-07
756 -2.34434e-07
757 -2.27161e-07
758 -2.20113e-07
759 -2.13283e-07
760 -2.06666e-07
761 -2.00254e-07
762 -1.94041e-07
763 -1.8802e-07
764 -1.82187e-07
765 -1.76534e-07
766 -1.71057e-07
767 -1.6575e-07
768 -1.60607e-07
769 -1.55624e-07
770 -1.50796e-07
771 -1.46117e-07
772 -1.41584e-07
773 -1.37191e-07
774 -1.32934e-07
775 -1.2881e-07
776 -1.24813e-07
777 -1.20941e-07
778 -1.17188e-07
779 -1.13553e-07
780 -1.10029e-07
781 -1.06616e-07
782 -1.03308e-07
783 -1.00102e-07
784 -9.69966e-08
785 -9.39872e-08
786 -9.10711e-08
787 -8.82455e-08
788 -8.55076e-08
789 -8.28546e-08
790 -8.02839e-08
791 -7.7793e-08
792 -7.53794e-08
793 -7.30406e-08
794 -7.07744e-08
795 -6.85786e-08
796 -6.64508e-08
797 -6.43891e-08
798 -6.23913e-08
799 -6.04555e-08
800 -5.85798e-08
801 -5.67623e-08
802 -5.50012e-08
803 -5.32947e-08
804 -5.16412e-08
805 -5.00389e-08
806 -4.84864e-08
807 -4.6982e-08
808 -4.55244e-08
809 -4.41119e-08
810 -4.27433e-08
811 -4.14171e-08
812 -4.01321e-08
813 -3.88869e-08
814 -3.76804e-08
815 -3.65113e-08
816 -3.53785e-08
817 -3.42808e-08
818 -3.32172e-08
819 -3.21866e-08
820 -3.1188e-08
821 -3.02203e-08
822 -2.92827e-08
823 -2.83742e-08
824 -2.74938e-08
825 -2.66408e-08
826 -2.58142e-08
827 -2.50133e-08
828 -2.42372e-08
829 -2.34852e-08
830 -2.27566e-08
831 -2.20505e-08
832 -2.13664e-08
833 -2.07034e-08
834 -2.00611e-08
835 -1.94387e-08
836 -1.88356e-08
837 -1.82512e-08
838 -1.76849e-08
839 -1.71362e-08
840 -1.66045e-08
841 -1.60893e-08
842 -1.55902e-08
843 -1.51064e-08
844 -1.46377e-08
845 -1.41836e-08
846 -1.37435e-08
847 -1.33171e-08
848 -1.29039e-08
849 -1.25036e-08
850 -1.21156e-08
851 -1.17397e-08
852 -1.13755e-08
853 -1.10225e-08
854 -1.06806e-08
855 -1.03492e-08
856 -1.00281e-08
857 -9.71694e-09
858 -9.41546e-09
859 -9.12333e-09
860 -8.84027e-09
861 -8.56599e-09
862 -8.30022e-09
863 -8.04269e-09
864 -7.79315e-09
865 -7.55136e-09
866 -7.31707e-09
867 -7.09005e-09
868 -6.87007e-09
869 -6.65692e-09
870 -6.45038e-09
871 -6.25024e-09
872 -6.05632e-09
873 -5.86842e-09
874 -5.68634e-09
875 -5.50991e-09
876 -5.33896e-09
877 -5.17331e-09
878 -5.0128e-09
879 -4.85727e-09
880 -4.70657e-09
881 -4.56054e-09
882 -4.41905e-09
883 -4.28194e-09
884 -4.14909e-09
885 -4.02035e-09
886 -3.89562e-09
887 -3.77475e-09
888 -3.65763e-09
889 -3.54415e-09
890 -3.43419e-09
891 -3.32764e-09
892 -3.22439e-09
893 -3.12435e-09
894 -3.02741e-09
895 -2.93349e-09
896 -2.84247e-09
897 -2.75428e-09
898 -2.66882e-09
899 -2.58602e-09
900 -2.50578e-09
901 -2.42804e-09
902 -2.35271e-09
903 -2.27971e-09
904 -2.20898e-09
905 -2.14044e-09
906 -2.07403e-09
907 -2.00968e-09
908 -1.94733e-09
909 -1.88691e-09
910 -1.82837e-09
911 -1.77164e-09
912 -1.71667e-09
913 -1.66341e-09
914 -1.6118e-09
915 -1.56179e-09
916 -1.51333e-09
917 -1.46638e-09
918 -1.42088e-09
919 -1.3768e-09
920 -1.33408e-09
921 -1.29269e-09
922 -1.25258e-09
923 -1.21372e-09
924 -1.17606e-09
925 -1.13957e-09
926 -1.10422e-09
927 -1.06996e-09
928 -1.03676e-09
929 -1.00459e-09
930 -9.73425e-10
931 -9.43223e-10
932 -9.13958e-10
933 -8.85601e-10
934 -8.58124e-10
935 -8.315e-10
936 -8.05701e-10
937 -7.80703e-10
938 -7.56481e-10
939 -7.3301e-10
940 -7.10267e-10
941 -6.8823e-10
942 -6.66877e-10
943 -6.46186e-10
944 -6.26137e-10
945 -6.06711e-10
946 -5.87887e-10
947 -5.69647e-10
948 -5.51973e-10
949 -5.34847e-10
950 -5.18252e-10
951 -5.02173e-10
952 -4.86592e-10
953 -4.71495e-10
954 -4.56866e-10
955 -4.42691e-10
956 -4.28956e-10
957 -4.15647e-10
958 -4.02751e-10
959 -3.90255e-10
960 -3.78147e-10
961 -3.66415e-10
962 -3.55046e-10
963 -3.4403e-10
964 -3.33356e-10
965 -3.23014e-10
966 -3.12992e-10
967 -3.03281e-10
968 -2.93871e-10
969 -2.84753e-10
970 -2.75918e-10
971 -2.67358e-10
972 -2.59062e-10
973 -2.51025e-10
974 -2.43236e-10
975 -2.3569e-10
976 -2.28377e-10
977 -2.21291e-10
978 -2.14425e-10
979 -2.07773e-10
980 -2.01326e-10
981 -1.9508e-10
982 -1.89027e-10
983 -1.83162e-10
984 -1.77479e-10
985 -1.71973e-10
986 -1.66637e-10
987 -1.61467e-10
988 -1.56457e-10
989 -1.51603e-10
990 -1.46899e-10
991 -1.42341e-10
992 -1.37925e-10
993 -1.33646e-10
994 -1.29499e-10
995 -1.25481e-10
996 -1.21588e-10
997 -1.17816e-10
998 -1.1416e-10
999 -1.10618e-10
