[1]
[0.5]
[1.5]

[0.894688]
[0.311719]
[0.873281]

[0.805937]
[0.279083]
[0.76816]

[0.726051]
[0.251398]
[0.691782]

[0.654085]
[0.226479]
[0.623209]

[0.589252]
[0.20403]
[0.561437]

[0.530845]
[0.183807]
[0.505787]

[0.478228]
[0.165588]
[0.455653]

[0.430826]
[0.149175]
[0.410489]

[0.388122]
[0.134388]
[0.369801]

[0.349651]
[0.121068]
[0.333146]

[0.314994]
[0.109067]
[0.300125]

[0.283771]
[0.0982567]
[0.270376]

[0.255644]
[0.0885175]
[0.243577]

[0.230305]
[0.0797436]
[0.219433]

[0.207477]
[0.0718394]
[0.197683]

[0.186912]
[0.0647187]
[0.178089]

[0.168385]
[0.0583037]
[0.160436]

[0.151694]
[0.0525247]
[0.144534]

[0.136659]
[0.0473184]
[0.130208]

[0.123113]
[0.0426282]
[0.117302]

[0.11091]
[0.0384029]
[0.105675]

[0.0999165]
[0.0345964]
[0.0952001]

[0.0900128]
[0.0311672]
[0.0857639]

[0.0810907]
[0.0280779]
[0.077263]

[0.073053]
[0.0252948]
[0.0696047]

[0.0658119]
[0.0227876]
[0.0627054]

[0.0592886]
[0.0205289]
[0.0564901]

[0.0534119]
[0.018494]
[0.0508908]

[0.0481177]
[0.0166609]
[0.0458465]

[0.0433483]
[0.0150095]
[0.0413022]

[0.0390516]
[0.0135217]
[0.0372083]

[0.0351808]
[0.0121815]
[0.0335202]

[0.0316937]
[0.010974]
[0.0301977]

[0.0285522]
[0.0098863]
[0.0272045]

[0.0257221]
[0.00890637]
[0.024508]

[0.0231725]
[0.00802357]
[0.0220788]

[0.0208757]
[0.00722827]
[0.0198904]

[0.0188065]
[0.00651181]
[0.0179188]

[0.0169424]
[0.00586636]
[0.0161427]

[0.0152631]
[0.00528489]
[0.0145427]

[0.0137502]
[0.00476105]
[0.0131012]

[0.0123873]
[0.00428914]
[0.0118026]

[0.0111594]
[0.003864]
[0.0106328]

[0.0100533]
[0.003481]
[0.00957887]

[0.00905684]
[0.00313597]
[0.00862943]

[0.00815913]
[0.00282514]
[0.0077741]

[0.0073504]
[0.00254511]
[0.00700354]

[0.00662183]
[0.00229284]
[0.00630937]

[0.00596548]
[0.00206558]
[0.005684]

[0.00537419]
[0.00186084]
[0.00512061]

[0.0048415]
[0.0016764]
[0.00461307]

[0.00436162]
[0.00151024]
[0.00415584]

[0.0039293]
[0.00136054]
[0.00374393]

[0.00353983]
[0.00122569]
[0.00337285]

[0.00318897]
[0.0011042]
[0.00303855]

[0.00287288]
[0.000994757]
[0.00273738]

[0.00258813]
[0.00089616]
[0.00246607]

[0.0023316]
[0.000807336]
[0.00222165]

[0.00210049]
[0.000727316]
[0.00200145]

[0.0018923]
[0.000655227]
[0.00180308]

[0.00170474]
[0.000590284]
[0.00162438]

[0.00153577]
[0.000531779]
[0.00146339]

[0.00138355]
[0.000479072]
[0.00131835]

[0.00124642]
[0.000431589]
[0.00118769]

[0.00112288]
[0.000388814]
[0.00106998]

[0.00101158]
[0.000350278]
[0.000963944]

[0.000911322]
[0.000315561]
[0.000868414]

[0.000820997]
[0.000284286]
[0.000782353]

[0.000739625]
[0.000256111]
[0.000704822]

[0.000666319]
[0.000230729]
[0.000634977]

[0.000600279]
[0.000207862]
[0.000572054]

[0.000540785]
[0.000187262]
[0.000515368]

[0.000487188]
[0.000168704]
[0.000464301]

[0.000438904]
[0.000151985]
[0.000418296]

[0.000395405]
[0.000136924]
[0.000376851]

[0.000356218]
[0.000123355]
[0.000339514]

[0.000320916]
[0.000111132]
[0.000305877]

[0.000289112]
[0.00010012]
[0.000275575]

[0.000260461]
[9.0199e-05]
[0.000248276]

[0.00023465]
[8.12618e-05]
[0.000223684]

[0.000211397]
[7.32104e-05]
[0.000201528]

[0.000190449]
[6.59571e-05]
[0.000181569]

[0.000171577]
[5.94228e-05]
[0.000163588]

[0.000154576]
[5.35361e-05]
[0.00014739]

[0.00013926]
[4.82329e-05]
[0.000132797]

[0.000125463]
[4.34554e-05]
[0.000119651]

[0.000113032]
[3.91514e-05]
[0.000107807]

[0.000101834]
[3.52741e-05]
[9.71377e-05]

[9.17463e-05]
[3.1781e-05]
[8.75258e-05]

[8.26581e-05]
[2.86342e-05]
[7.88666e-05]

[7.44708e-05]
[2.57993e-05]
[7.10657e-05]

[6.70949e-05]
[2.32454e-05]
[6.40381e-05]

[6.04502e-05]
[2.09447e-05]
[5.7707e-05]

[5.44641e-05]
[1.8872e-05]
[5.20035e-05]

[4.90714e-05]
[1.70047e-05]
[4.68653e-05]

[4.42131e-05]
[1.53226e-05]
[4.22364e-05]

[3.98365e-05]
[1.38071e-05]
[3.80663e-05]

[3.58936e-05]
[1.24419e-05]
[3.43096e-05]

[3.23416e-05]
[1.1212e-05]
[3.09252e-05]

[2.91416e-05]
[1.0104e-05]
[2.78763e-05]

[2.62588e-05]
[9.10582e-06]
[2.51296e-05]

[2.36618e-05]
[8.20659e-06]
[2.26551e-05]

[2.13221e-05]
[7.39649e-06]
[2.04259e-05]

[1.92144e-05]
[6.66669e-06]
[1.84177e-05]

[1.73156e-05]
[6.00922e-06]
[1.66085e-05]

[1.5605e-05]
[5.41693e-06]
[1.49787e-05]

[1.4064e-05]
[4.88334e-06]
[1.35104e-05]

[1.26757e-05]
[4.40264e-06]
[1.21877e-05]

[1.1425e-05]
[3.96959e-06]
[1.0996e-05]

[1.02983e-05]
[3.57946e-06]
[9.92249e-06]

[9.28329e-06]
[3.228e-06]
[8.95537e-06]

[8.36887e-06]
[2.91138e-06]
[8.08411e-06]

[7.54508e-06]
[2.62614e-06]
[7.29921e-06]

[6.80295e-06]
[2.36918e-06]
[6.59211e-06]

[6.13438e-06]
[2.13768e-06]
[5.9551e-06]

[5.53208e-06]
[1.92914e-06]
[5.38123e-06]

[4.98948e-06]
[1.74126e-06]
[4.86424e-06]

[4.50066e-06]
[1.572e-06]
[4.3985e-06]

[4.06029e-06]
[1.41952e-06]
[3.97892e-06]

[3.66357e-06]
[1.28216e-06]
[3.60093e-06]

[3.30618e-06]
[1.15841e-06]
[3.2604e-06]

[2.98421e-06]
[1.04693e-06]
[2.95363e-06]

[2.69415e-06]
[9.46496e-07]
[2.67727e-06]

[2.43285e-06]
[8.56018e-07]
[2.42829e-06]

[2.19744e-06]
[7.74508e-07]
[2.204e-06]

[1.98537e-06]
[7.01078e-07]
[2.00194e-06]

[1.79432e-06]
[6.34926e-07]
[1.81991e-06]

[1.6222e-06]
[5.75331e-07]
[1.65592e-06]

[1.46715e-06]
[5.21643e-07]
[1.50818e-06]

[1.32747e-06]
[4.73277e-07]
[1.37509e-06]

[1.20163e-06]
[4.29705e-07]
[1.25519e-06]

[1.08826e-06]
[3.90451e-07]
[1.14718e-06]

[9.86131e-07]
[3.55089e-07]
[1.04987e-06]

[8.94124e-07]
[3.23231e-07]
[9.62207e-07]

[8.11238e-07]
[2.94532e-07]
[8.83233e-07]

[7.36567e-07]
[2.68677e-07]
[8.12087e-07]

[6.69298e-07]
[2.45384e-07]
[7.47993e-07]

[6.08696e-07]
[2.24401e-07]
[6.90252e-07]

[5.54101e-07]
[2.05497e-07]
[6.38234e-07]

[5.04918e-07]
[1.88467e-07]
[5.91372e-07]

[4.6061e-07]
[1.73125e-07]
[5.49156e-07]

[4.20693e-07]
[1.59304e-07]
[5.11123e-07]

[3.84733e-07]
[1.46853e-07]
[4.76861e-07]

[3.52338e-07]
[1.35636e-07]
[4.45995e-07]

[3.23153e-07]
[1.25531e-07]
[4.18188e-07]

[2.96862e-07]
[1.16427e-07]
[3.93137e-07]

[2.73176e-07]
[1.08226e-07]
[3.70569e-07]

[2.51838e-07]
[1.00838e-07]
[3.50239e-07]

[2.32615e-07]
[9.41817e-08]
[3.31923e-07]

[2.15297e-07]
[8.81855e-08]
[3.15423e-07]

[1.99696e-07]
[8.27836e-08]
[3.00559e-07]

[1.85642e-07]
[7.79171e-08]
[2.87167e-07]

[1.7298e-07]
[7.3533e-08]
[2.75103e-07]

[1.61574e-07]
[6.95835e-08]
[2.64235e-07]

[1.51298e-07]
[6.60254e-08]
[2.54444e-07]

[1.4204e-07]
[6.282e-08]
[2.45624e-07]

[1.33701e-07]
[5.99323e-08]
[2.37678e-07]

[1.26188e-07]
[5.73309e-08]
[2.3052e-07]

[1.19419e-07]
[5.49873e-08]
[2.24071e-07]

[1.13322e-07]
[5.2876e-08]
[2.18261e-07]

[1.07828e-07]
[5.0974e-08]
[2.13027e-07]

[1.0288e-07]
[4.92605e-08]
[2.08312e-07]

[9.84216e-08]
[4.77169e-08]
[2.04064e-07]

[9.44053e-08]
[4.63262e-08]
[2.00238e-07]

[9.07872e-08]
[4.50734e-08]
[1.9679e-07]

[8.75276e-08]
[4.39448e-08]
[1.93685e-07]

[8.45912e-08]
[4.2928e-08]
[1.90887e-07]

[8.19458e-08]
[4.20121e-08]
[1.88366e-07]

[7.95626e-08]
[4.11869e-08]
[1.86095e-07]

[7.74157e-08]
[4.04435e-08]
[1.8405e-07]

[7.54815e-08]
[3.97738e-08]
[1.82207e-07]

[7.37391e-08]
[3.91705e-08]
[1.80547e-07]

[7.21693e-08]
[3.8627e-08]
[1.79051e-07]

[7.07552e-08]
[3.81373e-08]
[1.77704e-07]

[6.94812e-08]
[3.76962e-08]
[1.7649e-07]

[6.83336e-08]
[3.72988e-08]
[1.75397e-07]

[6.72996e-08]
[3.69408e-08]
[1.74411e-07]

[6.63682e-08]
[3.66183e-08]
[1.73524e-07]

[6.55291e-08]
[3.63277e-08]
[1.72724e-07]

[6.47731e-08]
[3.6066e-08]
[1.72004e-07]

[6.40921e-08]
[3.58302e-08]
[1.71355e-07]

[6.34786e-08]
[3.56178e-08]
[1.70771e-07]

[6.29259e-08]
[3.54264e-08]
[1.70244e-07]

[6.2428e-08]
[3.5254e-08]
[1.6977e-07]

[6.19794e-08]
[3.50987e-08]
[1.69342e-07]

[6.15753e-08]
[3.49587e-08]
[1.68957e-07]

[6.12112e-08]
[3.48327e-08]
[1.6861e-07]

[6.08833e-08]
[3.47191e-08]
[1.68298e-07]

[6.05878e-08]
[3.46168e-08]
[1.68016e-07]

[6.03217e-08]
[3.45247e-08]
[1.67763e-07]

[6.00819e-08]
[3.44416e-08]
[1.67534e-07]

[5.98659e-08]
[3.43668e-08]
[1.67329e-07]

[5.96712e-08]
[3.42995e-08]
[1.67143e-07]

[5.94959e-08]
[3.42387e-08]
[1.66976e-07]

[5.9338e-08]
[3.41841e-08]
[1.66826e-07]

[5.91957e-08]
[3.41348e-08]
[1.6669e-07]

[5.90675e-08]
[3.40904e-08]
[1.66568e-07]

[5.8952e-08]
[3.40504e-08]
[1.66458e-07]

[5.8848e-08]
[3.40144e-08]
[1.66359e-07]

[5.87543e-08]
[3.3982e-08]
[1.66269e-07]

[5.86699e-08]
[3.39527e-08]
[1.66189e-07]

[5.85938e-08]
[3.39264e-08]
[1.66117e-07]

[5.85253e-08]
[3.39027e-08]
[1.66051e-07]

[5.84636e-08]
[3.38813e-08]
[1.65992e-07]

[5.84079e-08]
[3.3862e-08]
[1.65939e-07]

[5.83578e-08]
[3.38447e-08]
[1.65892e-07]

[5.83127e-08]
[3.38291e-08]
[1.65849e-07]

[5.8272e-08]
[3.3815e-08]
[1.6581e-07]

[5.82354e-08]
[3.38023e-08]
[1.65775e-07]

[5.82024e-08]
[3.37909e-08]
[1.65744e-07]

[5.81727e-08]
[3.37806e-08]
[1.65715e-07]

[5.81459e-08]
[3.37713e-08]
[1.6569e-07]

[5.81218e-08]
[3.37629e-08]
[1.65667e-07]

[5.81e-08]
[3.37554e-08]
[1.65646e-07]

[5.80805e-08]
[3.37486e-08]
[1.65627e-07]

[5.80628e-08]
[3.37425e-08]
[1.65611e-07]

[5.80469e-08]
[3.3737e-08]
[1.65595e-07]

[5.80326e-08]
[3.37321e-08]
[1.65582e-07]

[5.80197e-08]
[3.37276e-08]
[1.6557e-07]

[5.80081e-08]
[3.37236e-08]
[1.65558e-07]

[5.79976e-08]
[3.372e-08]
[1.65548e-07]

[5.79882e-08]
[3.37167e-08]
[1.65539e-07]

[5.79797e-08]
[3.37138e-08]
[1.65531e-07]

[5.79721e-08]
[3.37111e-08]
[1.65524e-07]

[5.79652e-08]
[3.37087e-08]
[1.65518e-07]

[5.7959e-08]
[3.37066e-08]
[1.65512e-07]

[5.79534e-08]
[3.37046e-08]
[1.65506e-07]

[5.79483e-08]
[3.37029e-08]
[1.65501e-07]

[5.79438e-08]
[3.37013e-08]
[1.65497e-07]

[5.79397e-08]
[3.36999e-08]
[1.65493e-07]

[5.7936e-08]
[3.36986e-08]
[1.6549e-07]

[5.79327e-08]
[3.36975e-08]
[1.65487e-07]

[5.79297e-08]
[3.36964e-08]
[1.65484e-07]

[5.7927e-08]
[3.36955e-08]
[1.65481e-07]

[5.79246e-08]
[3.36947e-08]
[1.65479e-07]

[5.79224e-08]
[3.36939e-08]
[1.65477e-07]

[5.79204e-08]
[3.36932e-08]
[1.65475e-07]

[5.79186e-08]
[3.36926e-08]
[1.65473e-07]

[5.7917e-08]
[3.36921e-08]
[1.65472e-07]

[5.79156e-08]
[3.36916e-08]
[1.6547e-07]

[5.79143e-08]
[3.36911e-08]
[1.65469e-07]

[5.79131e-08]
[3.36907e-08]
[1.65468e-07]

[5.79121e-08]
[3.36903e-08]
[1.65467e-07]

[5.79111e-08]
[3.369e-08]
[1.65466e-07]

[5.79103e-08]
[3.36897e-08]
[1.65465e-07]

[5.79095e-08]
[3.36894e-08]
[1.65465e-07]

[5.79088e-08]
[3.36892e-08]
[1.65464e-07]

[5.79082e-08]
[3.3689e-08]
[1.65463e-07]

[5.79076e-08]
[3.36888e-08]
[1.65463e-07]

[5.79071e-08]
[3.36886e-08]
[1.65462e-07]

[5.79067e-08]
[3.36885e-08]
[1.65462e-07]

[5.79062e-08]
[3.36883e-08]
[1.65461e-07]

[5.79059e-08]
[3.36882e-08]
[1.65461e-07]

[5.79055e-08]
[3.36881e-08]
[1.65461e-07]

[5.79052e-08]
[3.3688e-08]
[1.6546e-07]

[5.7905e-08]
[3.36879e-08]
[1.6546e-07]

[5.79047e-08]
[3.36878e-08]
[1.6546e-07]

[5.79045e-08]
[3.36877e-08]
[1.6546e-07]

[5.79043e-08]
[3.36876e-08]
[1.6546e-07]

[5.79041e-08]
[3.36876e-08]
[1.65459e-07]

[5.7904e-08]
[3.36875e-08]
[1.65459e-07]

[5.79038e-08]
[3.36875e-08]
[1.65459e-07]

[5.79037e-08]
[3.36874e-08]
[1.65459e-07]

[5.79036e-08]
[3.36874e-08]
[1.65459e-07]

[5.79035e-08]
[3.36874e-08]
[1.65459e-07]

[5.79034e-08]
[3.36873e-08]
[1.65459e-07]

[5.79033e-08]
[3.36873e-08]
[1.65459e-07]

[5.79032e-08]
[3.36873e-08]
[1.65459e-07]

[5.79031e-08]
[3.36872e-08]
[1.65458e-07]

[5.79031e-08]
[3.36872e-08]
[1.65458e-07]

[5.7903e-08]
[3.36872e-08]
[1.65458e-07]

[5.7903e-08]
[3.36872e-08]
[1.65458e-07]

[5.79029e-08]
[3.36872e-08]
[1.65458e-07]

[5.79029e-08]
[3.36872e-08]
[1.65458e-07]

[5.79028e-08]
[3.36871e-08]
[1.65458e-07]

[5.79028e-08]
[3.36871e-08]
[1.65458e-07]

[5.79028e-08]
[3.36871e-08]
[1.65458e-07]

[5.79028e-08]
[3.36871e-08]
[1.65458e-07]

[5.79027e-08]
[3.36871e-08]
[1.65458e-07]

[5.79027e-08]
[3.36871e-08]
[1.65458e-07]

[5.79027e-08]
[3.36871e-08]
[1.65458e-07]

[5.79027e-08]
[3.36871e-08]
[1.65458e-07]

[5.79027e-08]
[3.36871e-08]
[1.65458e-07]

[5.79026e-08]
[3.36871e-08]
[1.65458e-07]

[5.79026e-08]
[3.36871e-08]
[1.65458e-07]

[5.79026e-08]
[3.36871e-08]
[1.65458e-07]

[5.79026e-08]
[3.36871e-08]
[1.65458e-07]

[5.79026e-08]
[3.36871e-08]
[1.65458e-07]

[5.79026e-08]
[3.3687e-08]
[1.65458e-07]

[5.79026e-08]
[3.3687e-08]
[1.65458e-07]

[5.79026e-08]
[3.3687e-08]
[1.65458e-07]

[5.79026e-08]
[3.3687e-08]
[1.65458e-07]

[5.79026e-08]
[3.3687e-08]
[1.65458e-07]

[5.79026e-08]
[3.3687e-08]
[1.65458e-07]

[5.79025e-08]
[3.3687e-08]
[1.65458e-07]

[5.79025e-08]
[3.3687e-08]
[1.65458e-07]

[5.79025e-08]
[3.3687e-08]
[1.65458e-07]

[5.79025e-08]
[3.3687e-08]
[1.65458e-07]

[5.79025e-08]
[3.3687e-08]
[1.65458e-07]

[5.79025e-08]
[3.3687e-08]
[1.65458e-07]

[5.79025e-08]
[3.3687e-08]
[1.65458e-07]

[5.79025e-08]
[3.3687e-08]
[1.65458e-07]

[5.79025e-08]
[3.3687e-08]
[1.65458e-07]

[5.79025e-08]
[3.3687e-08]
[1.65458e-07]

[5.79025e-08]
[3.3687e-08]
[1.65458e-07]

[5.79025e-08]
[3.3687e-08]
[1.65458e-07]

[5.79025e-08]
[3.3687e-08]
[1.65458e-07]

[5.79025e-08]
[3.3687e-08]
[1.65458e-07]

[5.79025e-08]
[3.3687e-08]
[1.65458e-07]

[5.79025e-08]
[3.3687e-08]
[1.65458e-07]

[5.79025e-08]
[3.3687e-08]
[1.65458e-07]

[5.79025e-08]
[3.3687e-08]
[1.65458e-07]

[5.79025e-08]
[3.3687e-08]
[1.65458e-07]

[5.79025e-08]
[3.3687e-08]
[1.65458e-07]

[5.79025e-08]
[3.3687e-08]
[1.65458e-07]

[5.79025e-08]
[3.3687e-08]
[1.65458e-07]

[5.79025e-08]
[3.3687e-08]
[1.65458e-07]

[5.79025e-08]
[3.3687e-08]
[1.65458e-07]

[5.79025e-08]
[3.3687e-08]
[1.65458e-07]

[5.79025e-08]
[3.3687e-08]
[1.65458e-07]

[5.79025e-08]
[3.3687e-08]
[1.65458e-07]

[5.79025e-08]
[3.3687e-08]
[1.65458e-07]

[5.79025e-08]
[3.3687e-08]
[1.65458e-07]

[5.79025e-08]
[3.3687e-08]
[1.65458e-07]

[5.79025e-08]
[3.3687e-08]
[1.65458e-07]

[5.79025e-08]
[3.3687e-08]
[1.65458e-07]

[5.79025e-08]
[3.3687e-08]
[1.65458e-07]

[5.79025e-08]
[3.3687e-08]
[1.65458e-07]

[5.79025e-08]
[3.3687e-08]
[1.65458e-07]

[5.79025e-08]
[3.3687e-08]
[1.65458e-07]

[5.79025e-08]
[3.3687e-08]
[1.65458e-07]

[5.79025e-08]
[3.3687e-08]
[1.65458e-07]

[5.79025e-08]
[3.3687e-08]
[1.65458e-07]

[5.79025e-08]
[3.3687e-08]
[1.65458e-07]

[5.79025e-08]
[3.3687e-08]
[1.65458e-07]

[5.79025e-08]
[3.3687e-08]
[1.65458e-07]

[5.79025e-08]
[3.3687e-08]
[1.65458e-07]

[5.79025e-08]
[3.3687e-08]
[1.65458e-07]

[5.79025e-08]
[3.3687e-08]
[1.65458e-07]

[5.79025e-08]
[3.3687e-08]
[1.65458e-07]

[5.79025e-08]
[3.3687e-08]
[1.65458e-07]

[5.79025e-08]
[3.3687e-08]
[1.65458e-07]

[5.79025e-08]
[3.3687e-08]
[1.65458e-07]

[5.79025e-08]
[3.3687e-08]
[1.65458e-07]

[5.79025e-08]
[3.3687e-08]
[1.65458e-07]

[5.79025e-08]
[3.3687e-08]
[1.65458e-07]

[5.79025e-08]
[3.3687e-08]
[1.65458e-07]

[5.79025e-08]
[3.3687e-08]
[1.65458e-07]

[5.79025e-08]
[3.3687e-08]
[1.65458e-07]

[5.79025e-08]
[3.3687e-08]
[1.65458e-07]

[5.79025e-08]
[3.3687e-08]
[1.65458e-07]

[5.79025e-08]
[3.3687e-08]
[1.65458e-07]

[5.79025e-08]
[3.3687e-08]
[1.65458e-07]

[5.79025e-08]
[3.3687e-08]
[1.65458e-07]

[5.79025e-08]
[3.3687e-08]
[1.65458e-07]

[5.79025e-08]
[3.3687e-08]
[1.65458e-07]

[5.79025e-08]
[3.3687e-08]
[1.65458e-07]

[5.79025e-08]
[3.3687e-08]
[1.65458e-07]

[5.79025e-08]
[3.3687e-08]
[1.65458e-07]

[5.79025e-08]
[3.3687e-08]
[1.65458e-07]

[5.79025e-08]
[3.3687e-08]
[1.65458e-07]

[5.79025e-08]
[3.3687e-08]
[1.65458e-07]

[5.79025e-08]
[3.3687e-08]
[1.65458e-07]

[5.79025e-08]
[3.3687e-08]
[1.65458e-07]

[5.79025e-08]
[3.3687e-08]
[1.65458e-07]

[5.79025e-08]
[3.3687e-08]
[1.65458e-07]

[5.79025e-08]
[3.3687e-08]
[1.65458e-07]

[5.79025e-08]
[3.3687e-08]
[1.65458e-07]

[5.79025e-08]
[3.3687e-08]
[1.65458e-07]

[5.79025e-08]
[3.3687e-08]
[1.65458e-07]

[5.79025e-08]
[3.3687e-08]
[1.65458e-07]

[5.79025e-08]
[3.3687e-08]
[1.65458e-07]

[5.79025e-08]
[3.3687e-08]
[1.65458e-07]

[5.79025e-08]
[3.3687e-08]
[1.65458e-07]

[5.79025e-08]
[3.3687e-08]
[1.65458e-07]

[5.79025e-08]
[3.3687e-08]
[1.65458e-07]

[5.79025e-08]
[3.3687e-08]
[1.65458e-07]

[5.79025e-08]
[3.3687e-08]
[1.65458e-07]

[5.79025e-08]
[3.3687e-08]
[1.65458e-07]

[5.79025e-08]
[3.3687e-08]
[1.65458e-07]

[5.79025e-08]
[3.3687e-08]
[1.65458e-07]

[5.79025e-08]
[3.3687e-08]
[1.65458e-07]

[5.79025e-08]
[3.3687e-08]
[1.65458e-07]

[5.79025e-08]
[3.3687e-08]
[1.65458e-07]

[5.79025e-08]
[3.3687e-08]
[1.65458e-07]

[5.79025e-08]
[3.3687e-08]
[1.65458e-07]

[5.79025e-08]
[3.3687e-08]
[1.65458e-07]

[5.79025e-08]
[3.3687e-08]
[1.65458e-07]

[5.79025e-08]
[3.3687e-08]
[1.65458e-07]

[5.79025e-08]
[3.3687e-08]
[1.65458e-07]

[5.79025e-08]
[3.3687e-08]
[1.65458e-07]

[5.79025e-08]
[3.3687e-08]
[1.65458e-07]

[5.79025e-08]
[3.3687e-08]
[1.65458e-07]

[5.79025e-08]
[3.3687e-08]
[1.65458e-07]

[5.79025e-08]
[3.3687e-08]
[1.65458e-07]

[5.79025e-08]
[3.3687e-08]
[1.65458e-07]

[5.79025e-08]
[3.3687e-08]
[1.65458e-07]

[5.79025e-08]
[3.3687e-08]
[1.65458e-07]

[5.79025e-08]
[3.3687e-08]
[1.65458e-07]

[5.79025e-08]
[3.3687e-08]
[1.65458e-07]

[5.79025e-08]
[3.3687e-08]
[1.65458e-07]

[5.79025e-08]
[3.3687e-08]
[1.65458e-07]

[5.79025e-08]
[3.3687e-08]
[1.65458e-07]

[5.79025e-08]
[3.3687e-08]
[1.65458e-07]

[5.79025e-08]
[3.3687e-08]
[1.65458e-07]

[5.79025e-08]
[3.3687e-08]
[1.65458e-07]

[5.79025e-08]
[3.3687e-08]
[1.65458e-07]

[5.79025e-08]
[3.3687e-08]
[1.65458e-07]

[5.79025e-08]
[3.3687e-08]
[1.65458e-07]

[5.79025e-08]
[3.3687e-08]
[1.65458e-07]

[5.79025e-08]
[3.3687e-08]
[1.65458e-07]

[5.79025e-08]
[3.3687e-08]
[1.65458e-07]

[5.79025e-08]
[3.3687e-08]
[1.65458e-07]

[5.79025e-08]
[3.3687e-08]
[1.65458e-07]

[5.79025e-08]
[3.3687e-08]
[1.65458e-07]

[5.79025e-08]
[3.3687e-08]
[1.65458e-07]

[5.79025e-08]
[3.3687e-08]
[1.65458e-07]

[5.79025e-08]
[3.3687e-08]
[1.65458e-07]

[5.79025e-08]
[3.3687e-08]
[1.65458e-07]

[5.79025e-08]
[3.3687e-08]
[1.65458e-07]

[5.79025e-08]
[3.3687e-08]
[1.65458e-07]

[5.79025e-08]
[3.3687e-08]
[1.65458e-07]

[5.79025e-08]
[3.3687e-08]
[1.65458e-07]

[5.79025e-08]
[3.3687e-08]
[1.65458e-07]

[5.79025e-08]
[3.3687e-08]
[1.65458e-07]

[5.79025e-08]
[3.3687e-08]
[1.65458e-07]

[5.79025e-08]
[3.3687e-08]
[1.65458e-07]

[5.79025e-08]
[3.3687e-08]
[1.65458e-07]

[5.79025e-08]
[3.3687e-08]
[1.65458e-07]

[5.79025e-08]
[3.3687e-08]
[1.65458e-07]

[5.79025e-08]
[3.3687e-08]
[1.65458e-07]

[5.79025e-08]
[3.3687e-08]
[1.65458e-07]

[5.79025e-08]
[3.3687e-08]
[1.65458e-07]

[5.79025e-08]
[3.3687e-08]
[1.65458e-07]

[5.79025e-08]
[3.3687e-08]
[1.65458e-07]

[5.79025e-08]
[3.3687e-08]
[1.65458e-07]

[5.79025e-08]
[3.3687e-08]
[1.65458e-07]

[5.79025e-08]
[3.3687e-08]
[1.65458e-07]

[5.79025e-08]
[3.3687e-08]
[1.65458e-07]

[5.79025e-08]
[3.3687e-08]
[1.65458e-07]

[5.79025e-08]
[3.3687e-08]
[1.65458e-07]

[5.79025e-08]
[3.3687e-08]
[1.65458e-07]

[5.79025e-08]
[3.3687e-08]
[1.65458e-07]

[5.79025e-08]
[3.3687e-08]
[1.65458e-07]

[5.79025e-08]
[3.3687e-08]
[1.65458e-07]

[5.79025e-08]
[3.3687e-08]
[1.65458e-07]

[5.79025e-08]
[3.3687e-08]
[1.65458e-07]

[5.79025e-08]
[3.3687e-08]
[1.65458e-07]

[5.79025e-08]
[3.3687e-08]
[1.65458e-07]

[5.79025e-08]
[3.3687e-08]
[1.65458e-07]

[5.79025e-08]
[3.3687e-08]
[1.65458e-07]

[5.79025e-08]
[3.3687e-08]
[1.65458e-07]

[5.79025e-08]
[3.3687e-08]
[1.65458e-07]

[5.79025e-08]
[3.3687e-08]
[1.65458e-07]

[5.79025e-08]
[3.3687e-08]
[1.65458e-07]

[5.79025e-08]
[3.3687e-08]
[1.65458e-07]

[5.79025e-08]
[3.3687e-08]
[1.65458e-07]

[5.79025e-08]
[3.3687e-08]
[1.65458e-07]

[5.79025e-08]
[3.3687e-08]
[1.65458e-07]

[5.79025e-08]
[3.3687e-08]
[1.65458e-07]

[5.79025e-08]
[3.3687e-08]
[1.65458e-07]

[5.79025e-08]
[3.3687e-08]
[1.65458e-07]

[5.79025e-08]
[3.3687e-08]
[1.65458e-07]

[5.79025e-08]
[3.3687e-08]
[1.65458e-07]

[5.79025e-08]
[3.3687e-08]
[1.65458e-07]

[5.79025e-08]
[3.3687e-08]
[1.65458e-07]

[5.79025e-08]
[3.3687e-08]
[1.65458e-07]

[5.79025e-08]
[3.3687e-08]
[1.65458e-07]

[5.79025e-08]
[3.3687e-08]
[1.65458e-07]

[5.79025e-08]
[3.3687e-08]
[1.65458e-07]

[5.79025e-08]
[3.3687e-08]
[1.65458e-07]

[5.79025e-08]
[3.3687e-08]
[1.65458e-07]

[5.79025e-08]
[3.3687e-08]
[1.65458e-07]

[5.79025e-08]
[3.3687e-08]
[1.65458e-07]

[5.79025e-08]
[3.3687e-08]
[1.65458e-07]

[5.79025e-08]
[3.3687e-08]
[1.65458e-07]

[5.79025e-08]
[3.3687e-08]
[1.65458e-07]

[5.79025e-08]
[3.3687e-08]
[1.65458e-07]

[5.79025e-08]
[3.3687e-08]
[1.65458e-07]

[5.79025e-08]
[3.3687e-08]
[1.65458e-07]

[5.79025e-08]
[3.3687e-08]
[1.65458e-07]

[5.79025e-08]
[3.3687e-08]
[1.65458e-07]

[5.79025e-08]
[3.3687e-08]
[1.65458e-07]

[5.79025e-08]
[3.3687e-08]
[1.65458e-07]

[5.79025e-08]
[3.3687e-08]
[1.65458e-07]

[5.79025e-08]
[3.3687e-08]
[1.65458e-07]

[5.79025e-08]
[3.3687e-08]
[1.65458e-07]

[5.79025e-08]
[3.3687e-08]
[1.65458e-07]

[5.79025e-08]
[3.3687e-08]
[1.65458e-07]

[5.79025e-08]
[3.3687e-08]
[1.65458e-07]

[5.79025e-08]
[3.3687e-08]
[1.65458e-07]

[5.79025e-08]
[3.3687e-08]
[1.65458e-07]

[5.79025e-08]
[3.3687e-08]
[1.65458e-07]

[5.79025e-08]
[3.3687e-08]
[1.65458e-07]

[5.79025e-08]
[3.3687e-08]
[1.65458e-07]

[5.79025e-08]
[3.3687e-08]
[1.65458e-07]

[5.79025e-08]
[3.3687e-08]
[1.65458e-07]

[5.79025e-08]
[3.3687e-08]
[1.65458e-07]

[5.79025e-08]
[3.3687e-08]
[1.65458e-07]

[5.79025e-08]
[3.3687e-08]
[1.65458e-07]

[5.79025e-08]
[3.3687e-08]
[1.65458e-07]

[5.79025e-08]
[3.3687e-08]
[1.65458e-07]

[5.79025e-08]
[3.3687e-08]
[1.65458e-07]

[5.79025e-08]
[3.3687e-08]
[1.65458e-07]

[5.79025e-08]
[3.3687e-08]
[1.65458e-07]

[5.79025e-08]
[3.3687e-08]
[1.65458e-07]

[5.79025e-08]
[3.3687e-08]
[1.65458e-07]

[5.79025e-08]
[3.3687e-08]
[1.65458e-07]

[5.79025e-08]
[3.3687e-08]
[1.65458e-07]

[5.79025e-08]
[3.3687e-08]
[1.65458e-07]

[5.79025e-08]
[3.3687e-08]
[1.65458e-07]

[5.79025e-08]
[3.3687e-08]
[1.65458e-07]

[5.79025e-08]
[3.3687e-08]
[1.65458e-07]

[5.79025e-08]
[3.3687e-08]
[1.65458e-07]

[5.79025e-08]
[3.3687e-08]
[1.65458e-07]

[5.79025e-08]
[3.3687e-08]
[1.65458e-07]

[5.79025e-08]
[3.3687e-08]
[1.65458e-07]

[5.79025e-08]
[3.3687e-08]
[1.65458e-07]

[5.79025e-08]
[3.3687e-08]
[1.65458e-07]

[5.79025e-08]
[3.3687e-08]
[1.65458e-07]

[5.79025e-08]
[3.3687e-08]
[1.65458e-07]

[5.79025e-08]
[3.3687e-08]
[1.65458e-07]

[5.79025e-08]
[3.3687e-08]
[1.65458e-07]

[5.79025e-08]
[3.3687e-08]
[1.65458e-07]

[5.79025e-08]
[3.3687e-08]
[1.65458e-07]

[5.79025e-08]
[3.3687e-08]
[1.65458e-07]

[5.79025e-08]
[3.3687e-08]
[1.65458e-07]

[5.79025e-08]
[3.3687e-08]
[1.65458e-07]

[5.79025e-08]
[3.3687e-08]
[1.65458e-07]

[5.79025e-08]
[3.3687e-08]
[1.65458e-07]

[5.79025e-08]
[3.3687e-08]
[1.65458e-07]

[5.79025e-08]
[3.3687e-08]
[1.65458e-07]

[5.79025e-08]
[3.3687e-08]
[1.65458e-07]

[5.79025e-08]
[3.3687e-08]
[1.65458e-07]

[5.79025e-08]
[3.3687e-08]
[1.65458e-07]

[5.79025e-08]
[3.3687e-08]
[1.65458e-07]

[5.79025e-08]
[3.3687e-08]
[1.65458e-07]

[5.79025e-08]
[3.3687e-08]
[1.65458e-07]

[5.79025e-08]
[3.3687e-08]
[1.65458e-07]

[5.79025e-08]
[3.3687e-08]
[1.65458e-07]

[5.79025e-08]
[3.3687e-08]
[1.65458e-07]

[5.79025e-08]
[3.3687e-08]
[1.65458e-07]

[5.79025e-08]
[3.3687e-08]
[1.65458e-07]

[5.79025e-08]
[3.3687e-08]
[1.65458e-07]

[5.79025e-08]
[3.3687e-08]
[1.65458e-07]

[5.79025e-08]
[3.3687e-08]
[1.65458e-07]

[5.79025e-08]
[3.3687e-08]
[1.65458e-07]

[5.79025e-08]
[3.3687e-08]
[1.65458e-07]

[5.79025e-08]
[3.3687e-08]
[1.65458e-07]

[5.79025e-08]
[3.3687e-08]
[1.65458e-07]

[5.79025e-08]
[3.3687e-08]
[1.65458e-07]

[5.79025e-08]
[3.3687e-08]
[1.65458e-07]

[5.79025e-08]
[3.3687e-08]
[1.65458e-07]

[5.79025e-08]
[3.3687e-08]
[1.65458e-07]

[5.79025e-08]
[3.3687e-08]
[1.65458e-07]

[5.79025e-08]
[3.3687e-08]
[1.65458e-07]

[5.79025e-08]
[3.3687e-08]
[1.65458e-07]

[5.79025e-08]
[3.3687e-08]
[1.65458e-07]

[5.79025e-08]
[3.3687e-08]
[1.65458e-07]

[5.79025e-08]
[3.3687e-08]
[1.65458e-07]

[5.79025e-08]
[3.3687e-08]
[1.65458e-07]

[5.79025e-08]
[3.3687e-08]
[1.65458e-07]

[5.79025e-08]
[3.3687e-08]
[1.65458e-07]

[5.79025e-08]
[3.3687e-08]
[1.65458e-07]

[5.79025e-08]
[3.3687e-08]
[1.65458e-07]

[5.79025e-08]
[3.3687e-08]
[1.65458e-07]

[5.79025e-08]
[3.3687e-08]
[1.65458e-07]

[5.79025e-08]
[3.3687e-08]
[1.65458e-07]

[5.79025e-08]
[3.3687e-08]
[1.65458e-07]

[5.79025e-08]
[3.3687e-08]
[1.65458e-07]

[5.79025e-08]
[3.3687e-08]
[1.65458e-07]

[5.79025e-08]
[3.3687e-08]
[1.65458e-07]

[5.79025e-08]
[3.3687e-08]
[1.65458e-07]

[5.79025e-08]
[3.3687e-08]
[1.65458e-07]

[5.79025e-08]
[3.3687e-08]
[1.65458e-07]

[5.79025e-08]
[3.3687e-08]
[1.65458e-07]

[5.79025e-08]
[3.3687e-08]
[1.65458e-07]

[5.79025e-08]
[3.3687e-08]
[1.65458e-07]

[5.79025e-08]
[3.3687e-08]
[1.65458e-07]

[5.79025e-08]
[3.3687e-08]
[1.65458e-07]

[5.79025e-08]
[3.3687e-08]
[1.65458e-07]

[5.79025e-08]
[3.3687e-08]
[1.65458e-07]

[5.79025e-08]
[3.3687e-08]
[1.65458e-07]

[5.79025e-08]
[3.3687e-08]
[1.65458e-07]

[5.79025e-08]
[3.3687e-08]
[1.65458e-07]

[5.79025e-08]
[3.3687e-08]
[1.65458e-07]

[5.79025e-08]
[3.3687e-08]
[1.65458e-07]

[5.79025e-08]
[3.3687e-08]
[1.65458e-07]

[5.79025e-08]
[3.3687e-08]
[1.65458e-07]

[5.79025e-08]
[3.3687e-08]
[1.65458e-07]

[5.79025e-08]
[3.3687e-08]
[1.65458e-07]

[5.79025e-08]
[3.3687e-08]
[1.65458e-07]

[5.79025e-08]
[3.3687e-08]
[1.65458e-07]

[5.79025e-08]
[3.3687e-08]
[1.65458e-07]

[5.79025e-08]
[3.3687e-08]
[1.65458e-07]

[5.79025e-08]
[3.3687e-08]
[1.65458e-07]

[5.79025e-08]
[3.3687e-08]
[1.65458e-07]

[5.79025e-08]
[3.3687e-08]
[1.65458e-07]

[5.79025e-08]
[3.3687e-08]
[1.65458e-07]

[5.79025e-08]
[3.3687e-08]
[1.65458e-07]

[5.79025e-08]
[3.3687e-08]
[1.65458e-07]

[5.79025e-08]
[3.3687e-08]
[1.65458e-07]

[5.79025e-08]
[3.3687e-08]
[1.65458e-07]

[5.79025e-08]
[3.3687e-08]
[1.65458e-07]

[5.79025e-08]
[3.3687e-08]
[1.65458e-07]

[5.79025e-08]
[3.3687e-08]
[1.65458e-07]

[5.79025e-08]
[3.3687e-08]
[1.65458e-07]

[5.79025e-08]
[3.3687e-08]
[1.65458e-07]

[5.79025e-08]
[3.3687e-08]
[1.65458e-07]

[5.79025e-08]
[3.3687e-08]
[1.65458e-07]

[5.79025e-08]
[3.3687e-08]
[1.65458e-07]

[5.79025e-08]
[3.3687e-08]
[1.65458e-07]

[5.79025e-08]
[3.3687e-08]
[1.65458e-07]

[5.79025e-08]
[3.3687e-08]
[1.65458e-07]

[5.79025e-08]
[3.3687e-08]
[1.65458e-07]

[5.79025e-08]
[3.3687e-08]
[1.65458e-07]

[5.79025e-08]
[3.3687e-08]
[1.65458e-07]

[5.79025e-08]
[3.3687e-08]
[1.65458e-07]

[5.79025e-08]
[3.3687e-08]
[1.65458e-07]

[5.79025e-08]
[3.3687e-08]
[1.65458e-07]

[5.79025e-08]
[3.3687e-08]
[1.65458e-07]

[5.79025e-08]
[3.3687e-08]
[1.65458e-07]

[5.79025e-08]
[3.3687e-08]
[1.65458e-07]

[5.79025e-08]
[3.3687e-08]
[1.65458e-07]

[5.79025e-08]
[3.3687e-08]
[1.65458e-07]

[5.79025e-08]
[3.3687e-08]
[1.65458e-07]

[5.79025e-08]
[3.3687e-08]
[1.65458e-07]

[5.79025e-08]
[3.3687e-08]
[1.65458e-07]

[5.79025e-08]
[3.3687e-08]
[1.65458e-07]

[5.79025e-08]
[3.3687e-08]
[1.65458e-07]

[5.79025e-08]
[3.3687e-08]
[1.65458e-07]

[5.79025e-08]
[3.3687e-08]
[1.65458e-07]

[5.79025e-08]
[3.3687e-08]
[1.65458e-07]

[5.79025e-08]
[3.3687e-08]
[1.65458e-07]

[5.79025e-08]
[3.3687e-08]
[1.65458e-07]

[5.79025e-08]
[3.3687e-08]
[1.65458e-07]

[5.79025e-08]
[3.3687e-08]
[1.65458e-07]

[5.79025e-08]
[3.3687e-08]
[1.65458e-07]

[5.79025e-08]
[3.3687e-08]
[1.65458e-07]

[5.79025e-08]
[3.3687e-08]
[1.65458e-07]

[5.79025e-08]
[3.3687e-08]
[1.65458e-07]

[5.79025e-08]
[3.3687e-08]
[1.65458e-07]

[5.79025e-08]
[3.3687e-08]
[1.65458e-07]

[5.79025e-08]
[3.3687e-08]
[1.65458e-07]

[5.79025e-08]
[3.3687e-08]
[1.65458e-07]

[5.79025e-08]
[3.3687e-08]
[1.65458e-07]

[5.79025e-08]
[3.3687e-08]
[1.65458e-07]

[5.79025e-08]
[3.3687e-08]
[1.65458e-07]

[5.79025e-08]
[3.3687e-08]
[1.65458e-07]

[5.79025e-08]
[3.3687e-08]
[1.65458e-07]

[5.79025e-08]
[3.3687e-08]
[1.65458e-07]

[5.79025e-08]
[3.3687e-08]
[1.65458e-07]

[5.79025e-08]
[3.3687e-08]
[1.65458e-07]

[5.79025e-08]
[3.3687e-08]
[1.65458e-07]

[5.79025e-08]
[3.3687e-08]
[1.65458e-07]

[5.79025e-08]
[3.3687e-08]
[1.65458e-07]

[5.79025e-08]
[3.3687e-08]
[1.65458e-07]

[5.79025e-08]
[3.3687e-08]
[1.65458e-07]

[5.79025e-08]
[3.3687e-08]
[1.65458e-07]

[5.79025e-08]
[3.3687e-08]
[1.65458e-07]

[5.79025e-08]
[3.3687e-08]
[1.65458e-07]

[5.79025e-08]
[3.3687e-08]
[1.65458e-07]

[5.79025e-08]
[3.3687e-08]
[1.65458e-07]

[5.79025e-08]
[3.3687e-08]
[1.65458e-07]

[5.79025e-08]
[3.3687e-08]
[1.65458e-07]

[5.79025e-08]
[3.3687e-08]
[1.65458e-07]

[5.79025e-08]
[3.3687e-08]
[1.65458e-07]

[5.79025e-08]
[3.3687e-08]
[1.65458e-07]

[5.79025e-08]
[3.3687e-08]
[1.65458e-07]

[5.79025e-08]
[3.3687e-08]
[1.65458e-07]

[5.79025e-08]
[3.3687e-08]
[1.65458e-07]

[5.79025e-08]
[3.3687e-08]
[1.65458e-07]

[5.79025e-08]
[3.3687e-08]
[1.65458e-07]

[5.79025e-08]
[3.3687e-08]
[1.65458e-07]

[5.79025e-08]
[3.3687e-08]
[1.65458e-07]

[5.79025e-08]
[3.3687e-08]
[1.65458e-07]

[5.79025e-08]
[3.3687e-08]
[1.65458e-07]

[5.79025e-08]
[3.3687e-08]
[1.65458e-07]

[5.79025e-08]
[3.3687e-08]
[1.65458e-07]

[5.79025e-08]
[3.3687e-08]
[1.65458e-07]

[5.79025e-08]
[3.3687e-08]
[1.65458e-07]

[5.79025e-08]
[3.3687e-08]
[1.65458e-07]

[5.79025e-08]
[3.3687e-08]
[1.65458e-07]

[5.79025e-08]
[3.3687e-08]
[1.65458e-07]

[5.79025e-08]
[3.3687e-08]
[1.65458e-07]

[5.79025e-08]
[3.3687e-08]
[1.65458e-07]

[5.79025e-08]
[3.3687e-08]
[1.65458e-07]

[5.79025e-08]
[3.3687e-08]
[1.65458e-07]

[5.79025e-08]
[3.3687e-08]
[1.65458e-07]

[5.79025e-08]
[3.3687e-08]
[1.65458e-07]

[5.79025e-08]
[3.3687e-08]
[1.65458e-07]

[5.79025e-08]
[3.3687e-08]
[1.65458e-07]

[5.79025e-08]
[3.3687e-08]
[1.65458e-07]

[5.79025e-08]
[3.3687e-08]
[1.65458e-07]

[5.79025e-08]
[3.3687e-08]
[1.65458e-07]

[5.79025e-08]
[3.3687e-08]
[1.65458e-07]

[5.79025e-08]
[3.3687e-08]
[1.65458e-07]

[5.79025e-08]
[3.3687e-08]
[1.65458e-07]

[5.79025e-08]
[3.3687e-08]
[1.65458e-07]

[5.79025e-08]
[3.3687e-08]
[1.65458e-07]

[5.79025e-08]
[3.3687e-08]
[1.65458e-07]

[5.79025e-08]
[3.3687e-08]
[1.65458e-07]

[5.79025e-08]
[3.3687e-08]
[1.65458e-07]

[5.79025e-08]
[3.3687e-08]
[1.65458e-07]

[5.79025e-08]
[3.3687e-08]
[1.65458e-07]

[5.79025e-08]
[3.3687e-08]
[1.65458e-07]

[5.79025e-08]
[3.3687e-08]
[1.65458e-07]

[5.79025e-08]
[3.3687e-08]
[1.65458e-07]

[5.79025e-08]
[3.3687e-08]
[1.65458e-07]

[5.79025e-08]
[3.3687e-08]
[1.65458e-07]

[5.79025e-08]
[3.3687e-08]
[1.65458e-07]

[5.79025e-08]
[3.3687e-08]
[1.65458e-07]

[5.79025e-08]
[3.3687e-08]
[1.65458e-07]

[5.79025e-08]
[3.3687e-08]
[1.65458e-07]

[5.79025e-08]
[3.3687e-08]
[1.65458e-07]

[5.79025e-08]
[3.3687e-08]
[1.65458e-07]

[5.79025e-08]
[3.3687e-08]
[1.65458e-07]

[5.79025e-08]
[3.3687e-08]
[1.65458e-07]

[5.79025e-08]
[3.3687e-08]
[1.65458e-07]

[5.79025e-08]
[3.3687e-08]
[1.65458e-07]

[5.79025e-08]
[3.3687e-08]
[1.65458e-07]

[5.79025e-08]
[3.3687e-08]
[1.65458e-07]

[5.79025e-08]
[3.3687e-08]
[1.65458e-07]

[5.79025e-08]
[3.3687e-08]
[1.65458e-07]

[5.79025e-08]
[3.3687e-08]
[1.65458e-07]

[5.79025e-08]
[3.3687e-08]
[1.65458e-07]

[5.79025e-08]
[3.3687e-08]
[1.65458e-07]

[5.79025e-08]
[3.3687e-08]
[1.65458e-07]

[5.79025e-08]
[3.3687e-08]
[1.65458e-07]

[5.79025e-08]
[3.3687e-08]
[1.65458e-07]

[5.79025e-08]
[3.3687e-08]
[1.65458e-07]

[5.79025e-08]
[3.3687e-08]
[1.65458e-07]

[5.79025e-08]
[3.3687e-08]
[1.65458e-07]

[5.79025e-08]
[3.3687e-08]
[1.65458e-07]

[5.79025e-08]
[3.3687e-08]
[1.65458e-07]

[5.79025e-08]
[3.3687e-08]
[1.65458e-07]

[5.79025e-08]
[3.3687e-08]
[1.65458e-07]

[5.79025e-08]
[3.3687e-08]
[1.65458e-07]

[5.79025e-08]
[3.3687e-08]
[1.65458e-07]

[5.79025e-08]
[3.3687e-08]
[1.65458e-07]

[5.79025e-08]
[3.3687e-08]
[1.65458e-07]

[5.79025e-08]
[3.3687e-08]
[1.65458e-07]

[5.79025e-08]
[3.3687e-08]
[1.65458e-07]

[5.79025e-08]
[3.3687e-08]
[1.65458e-07]

[5.79025e-08]
[3.3687e-08]
[1.65458e-07]

[5.79025e-08]
[3.3687e-08]
[1.65458e-07]

[5.79025e-08]
[3.3687e-08]
[1.65458e-07]

[5.79025e-08]
[3.3687e-08]
[1.65458e-07]

[5.79025e-08]
[3.3687e-08]
[1.65458e-07]

[5.79025e-08]
[3.3687e-08]
[1.65458e-07]

[5.79025e-08]
[3.3687e-08]
[1.65458e-07]

[5.79025e-08]
[3.3687e-08]
[1.65458e-07]

[5.79025e-08]
[3.3687e-08]
[1.65458e-07]

[5.79025e-08]
[3.3687e-08]
[1.65458e-07]

[5.79025e-08]
[3.3687e-08]
[1.65458e-07]

[5.79025e-08]
[3.3687e-08]
[1.65458e-07]

[5.79025e-08]
[3.3687e-08]
[1.65458e-07]

[5.79025e-08]
[3.3687e-08]
[1.65458e-07]

[5.79025e-08]
[3.3687e-08]
[1.65458e-07]

[5.79025e-08]
[3.3687e-08]
[1.65458e-07]

[5.79025e-08]
[3.3687e-08]
[1.65458e-07]

[5.79025e-08]
[3.3687e-08]
[1.65458e-07]

[5.79025e-08]
[3.3687e-08]
[1.65458e-07]

[5.79025e-08]
[3.3687e-08]
[1.65458e-07]

[5.79025e-08]
[3.3687e-08]
[1.65458e-07]

[5.79025e-08]
[3.3687e-08]
[1.65458e-07]

[5.79025e-08]
[3.3687e-08]
[1.65458e-07]

[5.79025e-08]
[3.3687e-08]
[1.65458e-07]

[5.79025e-08]
[3.3687e-08]
[1.65458e-07]

[5.79025e-08]
[3.3687e-08]
[1.65458e-07]

[5.79025e-08]
[3.3687e-08]
[1.65458e-07]

[5.79025e-08]
[3.3687e-08]
[1.65458e-07]

[5.79025e-08]
[3.3687e-08]
[1.65458e-07]

[5.79025e-08]
[3.3687e-08]
[1.65458e-07]

[5.79025e-08]
[3.3687e-08]
[1.65458e-07]

[5.79025e-08]
[3.3687e-08]
[1.65458e-07]

[5.79025e-08]
[3.3687e-08]
[1.65458e-07]

[5.79025e-08]
[3.3687e-08]
[1.65458e-07]

[5.79025e-08]
[3.3687e-08]
[1.65458e-07]

[5.79025e-08]
[3.3687e-08]
[1.65458e-07]

[5.79025e-08]
[3.3687e-08]
[1.65458e-07]

[5.79025e-08]
[3.3687e-08]
[1.65458e-07]

[5.79025e-08]
[3.3687e-08]
[1.65458e-07]

[5.79025e-08]
[3.3687e-08]
[1.65458e-07]

[5.79025e-08]
[3.3687e-08]
[1.65458e-07]

[5.79025e-08]
[3.3687e-08]
[1.65458e-07]

[5.79025e-08]
[3.3687e-08]
[1.65458e-07]

[5.79025e-08]
[3.3687e-08]
[1.65458e-07]

[5.79025e-08]
[3.3687e-08]
[1.65458e-07]

[5.79025e-08]
[3.3687e-08]
[1.65458e-07]

[5.79025e-08]
[3.3687e-08]
[1.65458e-07]

[5.79025e-08]
[3.3687e-08]
[1.65458e-07]

[5.79025e-08]
[3.3687e-08]
[1.65458e-07]

[5.79025e-08]
[3.3687e-08]
[1.65458e-07]

[5.79025e-08]
[3.3687e-08]
[1.65458e-07]

[5.79025e-08]
[3.3687e-08]
[1.65458e-07]

[5.79025e-08]
[3.3687e-08]
[1.65458e-07]

[5.79025e-08]
[3.3687e-08]
[1.65458e-07]

[5.79025e-08]
[3.3687e-08]
[1.65458e-07]

[5.79025e-08]
[3.3687e-08]
[1.65458e-07]

[5.79025e-08]
[3.3687e-08]
[1.65458e-07]

[5.79025e-08]
[3.3687e-08]
[1.65458e-07]

[5.79025e-08]
[3.3687e-08]
[1.65458e-07]

[5.79025e-08]
[3.3687e-08]
[1.65458e-07]

[5.79025e-08]
[3.3687e-08]
[1.65458e-07]

[5.79025e-08]
[3.3687e-08]
[1.65458e-07]

[5.79025e-08]
[3.3687e-08]
[1.65458e-07]

[5.79025e-08]
[3.3687e-08]
[1.65458e-07]

[5.79025e-08]
[3.3687e-08]
[1.65458e-07]

[5.79025e-08]
[3.3687e-08]
[1.65458e-07]

[5.79025e-08]
[3.3687e-08]
[1.65458e-07]

[5.79025e-08]
[3.3687e-08]
[1.65458e-07]

[5.79025e-08]
[3.3687e-08]
[1.65458e-07]

[5.79025e-08]
[3.3687e-08]
[1.65458e-07]

[5.79025e-08]
[3.3687e-08]
[1.65458e-07]

[5.79025e-08]
[3.3687e-08]
[1.65458e-07]

[5.79025e-08]
[3.3687e-08]
[1.65458e-07]

[5.79025e-08]
[3.3687e-08]
[1.65458e-07]

[5.79025e-08]
[3.3687e-08]
[1.65458e-07]

[5.79025e-08]
[3.3687e-08]
[1.65458e-07]

[5.79025e-08]
[3.3687e-08]
[1.65458e-07]

[5.79025e-08]
[3.3687e-08]
[1.65458e-07]

[5.79025e-08]
[3.3687e-08]
[1.65458e-07]

[5.79025e-08]
[3.3687e-08]
[1.65458e-07]

[5.79025e-08]
[3.3687e-08]
[1.65458e-07]

[5.79025e-08]
[3.3687e-08]
[1.65458e-07]

[5.79025e-08]
[3.3687e-08]
[1.65458e-07]

[5.79025e-08]
[3.3687e-08]
[1.65458e-07]

[5.79025e-08]
[3.3687e-08]
[1.65458e-07]

[5.79025e-08]
[3.3687e-08]
[1.65458e-07]

[5.79025e-08]
[3.3687e-08]
[1.65458e-07]

[5.79025e-08]
[3.3687e-08]
[1.65458e-07]

[5.79025e-08]
[3.3687e-08]
[1.65458e-07]

[5.79025e-08]
[3.3687e-08]
[1.65458e-07]

[5.79025e-08]
[3.3687e-08]
[1.65458e-07]

[5.79025e-08]
[3.3687e-08]
[1.65458e-07]

[5.79025e-08]
[3.3687e-08]
[1.65458e-07]

[5.79025e-08]
[3.3687e-08]
[1.65458e-07]

[5.79025e-08]
[3.3687e-08]
[1.65458e-07]

[5.79025e-08]
[3.3687e-08]
[1.65458e-07]

[5.79025e-08]
[3.3687e-08]
[1.65458e-07]

[5.79025e-08]
[3.3687e-08]
[1.65458e-07]

[5.79025e-08]
[3.3687e-08]
[1.65458e-07]

[5.79025e-08]
[3.3687e-08]
[1.65458e-07]

[5.79025e-08]
[3.3687e-08]
[1.65458e-07]

[5.79025e-08]
[3.3687e-08]
[1.65458e-07]

[5.79025e-08]
[3.3687e-08]
[1.65458e-07]

[5.79025e-08]
[3.3687e-08]
[1.65458e-07]

[5.79025e-08]
[3.3687e-08]
[1.65458e-07]

[5.79025e-08]
[3.3687e-08]
[1.65458e-07]

[5.79025e-08]
[3.3687e-08]
[1.65458e-07]

[5.79025e-08]
[3.3687e-08]
[1.65458e-07]

[5.79025e-08]
[3.3687e-08]
[1.65458e-07]

[5.79025e-08]
[3.3687e-08]
[1.65458e-07]

[5.79025e-08]
[3.3687e-08]
[1.65458e-07]

[5.79025e-08]
[3.3687e-08]
[1.65458e-07]

[5.79025e-08]
[3.3687e-08]
[1.65458e-07]

[5.79025e-08]
[3.3687e-08]
[1.65458e-07]

[5.79025e-08]
[3.3687e-08]
[1.65458e-07]

[5.79025e-08]
[3.3687e-08]
[1.65458e-07]

[5.79025e-08]
[3.3687e-08]
[1.65458e-07]

[5.79025e-08]
[3.3687e-08]
[1.65458e-07]

[5.79025e-08]
[3.3687e-08]
[1.65458e-07]

[5.79025e-08]
[3.3687e-08]
[1.65458e-07]

[5.79025e-08]
[3.3687e-08]
[1.65458e-07]

[5.79025e-08]
[3.3687e-08]
[1.65458e-07]

[5.79025e-08]
[3.3687e-08]
[1.65458e-07]

[5.79025e-08]
[3.3687e-08]
[1.65458e-07]

[5.79025e-08]
[3.3687e-08]
[1.65458e-07]

[5.79025e-08]
[3.3687e-08]
[1.65458e-07]

[5.79025e-08]
[3.3687e-08]
[1.65458e-07]

[5.79025e-08]
[3.3687e-08]
[1.65458e-07]

[5.79025e-08]
[3.3687e-08]
[1.65458e-07]

[5.79025e-08]
[3.3687e-08]
[1.65458e-07]

[5.79025e-08]
[3.3687e-08]
[1.65458e-07]

[5.79025e-08]
[3.3687e-08]
[1.65458e-07]

[5.79025e-08]
[3.3687e-08]
[1.65458e-07]

[5.79025e-08]
[3.3687e-08]
[1.65458e-07]

[5.79025e-08]
[3.3687e-08]
[1.65458e-07]

[5.79025e-08]
[3.3687e-08]
[1.65458e-07]

[5.79025e-08]
[3.3687e-08]
[1.65458e-07]

[5.79025e-08]
[3.3687e-08]
[1.65458e-07]

[5.79025e-08]
[3.3687e-08]
[1.65458e-07]

[5.79025e-08]
[3.3687e-08]
[1.65458e-07]

[5.79025e-08]
[3.3687e-08]
[1.65458e-07]

[5.79025e-08]
[3.3687e-08]
[1.65458e-07]

[5.79025e-08]
[3.3687e-08]
[1.65458e-07]

[5.79025e-08]
[3.3687e-08]
[1.65458e-07]

[5.79025e-08]
[3.3687e-08]
[1.65458e-07]

[5.79025e-08]
[3.3687e-08]
[1.65458e-07]

[5.79025e-08]
[3.3687e-08]
[1.65458e-07]

[5.79025e-08]
[3.3687e-08]
[1.65458e-07]

[5.79025e-08]
[3.3687e-08]
[1.65458e-07]

[5.79025e-08]
[3.3687e-08]
[1.65458e-07]

[5.79025e-08]
[3.3687e-08]
[1.65458e-07]

[5.79025e-08]
[3.3687e-08]
[1.65458e-07]

[5.79025e-08]
[3.3687e-08]
[1.65458e-07]

[5.79025e-08]
[3.3687e-08]
[1.65458e-07]

[5.79025e-08]
[3.3687e-08]
[1.65458e-07]

[5.79025e-08]
[3.3687e-08]
[1.65458e-07]

[5.79025e-08]
[3.3687e-08]
[1.65458e-07]

[5.79025e-08]
[3.3687e-08]
[1.65458e-07]

[5.79025e-08]
[3.3687e-08]
[1.65458e-07]

[5.79025e-08]
[3.3687e-08]
[1.65458e-07]

[5.79025e-08]
[3.3687e-08]
[1.65458e-07]

[5.79025e-08]
[3.3687e-08]
[1.65458e-07]

[5.79025e-08]
[3.3687e-08]
[1.65458e-07]

[5.79025e-08]
[3.3687e-08]
[1.65458e-07]

[5.79025e-08]
[3.3687e-08]
[1.65458e-07]

[5.79025e-08]
[3.3687e-08]
[1.65458e-07]

[5.79025e-08]
[3.3687e-08]
[1.65458e-07]

[5.79025e-08]
[3.3687e-08]
[1.65458e-07]

[5.79025e-08]
[3.3687e-08]
[1.65458e-07]

[5.79025e-08]
[3.3687e-08]
[1.65458e-07]

[5.79025e-08]
[3.3687e-08]
[1.65458e-07]

[5.79025e-08]
[3.3687e-08]
[1.65458e-07]

[5.79025e-08]
[3.3687e-08]
[1.65458e-07]

[5.79025e-08]
[3.3687e-08]
[1.65458e-07]

[5.79025e-08]
[3.3687e-08]
[1.65458e-07]

[5.79025e-08]
[3.3687e-08]
[1.65458e-07]

[5.79025e-08]
[3.3687e-08]
[1.65458e-07]

[5.79025e-08]
[3.3687e-08]
[1.65458e-07]

[5.79025e-08]
[3.3687e-08]
[1.65458e-07]

[5.79025e-08]
[3.3687e-08]
[1.65458e-07]

[5.79025e-08]
[3.3687e-08]
[1.65458e-07]

[5.79025e-08]
[3.3687e-08]
[1.65458e-07]

[5.79025e-08]
[3.3687e-08]
[1.65458e-07]

[5.79025e-08]
[3.3687e-08]
[1.65458e-07]

[5.79025e-08]
[3.3687e-08]
[1.65458e-07]

[5.79025e-08]
[3.3687e-08]
[1.65458e-07]

[5.79025e-08]
[3.3687e-08]
[1.65458e-07]

[5.79025e-08]
[3.3687e-08]
[1.65458e-07]

[5.79025e-08]
[3.3687e-08]
[1.65458e-07]

[5.79025e-08]
[3.3687e-08]
[1.65458e-07]

[5.79025e-08]
[3.3687e-08]
[1.65458e-07]

[5.79025e-08]
[3.3687e-08]
[1.65458e-07]

[5.79025e-08]
[3.3687e-08]
[1.65458e-07]

[5.79025e-08]
[3.3687e-08]
[1.65458e-07]

[5.79025e-08]
[3.3687e-08]
[1.65458e-07]

[5.79025e-08]
[3.3687e-08]
[1.65458e-07]

[5.79025e-08]
[3.3687e-08]
[1.65458e-07]

[5.79025e-08]
[3.3687e-08]
[1.65458e-07]

[5.79025e-08]
[3.3687e-08]
[1.65458e-07]

[5.79025e-08]
[3.3687e-08]
[1.65458e-07]

[5.79025e-08]
[3.3687e-08]
[1.65458e-07]

[5.79025e-08]
[3.3687e-08]
[1.65458e-07]

[5.79025e-08]
[3.3687e-08]
[1.65458e-07]

[5.79025e-08]
[3.3687e-08]
[1.65458e-07]

[5.79025e-08]
[3.3687e-08]
[1.65458e-07]

[5.79025e-08]
[3.3687e-08]
[1.65458e-07]

[5.79025e-08]
[3.3687e-08]
[1.65458e-07]

[5.79025e-08]
[3.3687e-08]
[1.65458e-07]

[5.79025e-08]
[3.3687e-08]
[1.65458e-07]

[5.79025e-08]
[3.3687e-08]
[1.65458e-07]

[5.79025e-08]
[3.3687e-08]
[1.65458e-07]

[5.79025e-08]
[3.3687e-08]
[1.65458e-07]

[5.79025e-08]
[3.3687e-08]
[1.65458e-07]

[5.79025e-08]
[3.3687e-08]
[1.65458e-07]

[5.79025e-08]
[3.3687e-08]
[1.65458e-07]

[5.79025e-08]
[3.3687e-08]
[1.65458e-07]

[5.79025e-08]
[3.3687e-08]
[1.65458e-07]

[5.79025e-08]
[3.3687e-08]
[1.65458e-07]

[5.79025e-08]
[3.3687e-08]
[1.65458e-07]

[5.79025e-08]
[3.3687e-08]
[1.65458e-07]

[5.79025e-08]
[3.3687e-08]
[1.65458e-07]

[5.79025e-08]
[3.3687e-08]
[1.65458e-07]

[5.79025e-08]
[3.3687e-08]
[1.65458e-07]

[5.79025e-08]
[3.3687e-08]
[1.65458e-07]

[5.79025e-08]
[3.3687e-08]
[1.65458e-07]

[5.79025e-08]
[3.3687e-08]
[1.65458e-07]

[5.79025e-08]
[3.3687e-08]
[1.65458e-07]

[5.79025e-08]
[3.3687e-08]
[1.65458e-07]

[5.79025e-08]
[3.3687e-08]
[1.65458e-07]

[5.79025e-08]
[3.3687e-08]
[1.65458e-07]

[5.79025e-08]
[3.3687e-08]
[1.65458e-07]

[5.79025e-08]
[3.3687e-08]
[1.65458e-07]

[5.79025e-08]
[3.3687e-08]
[1.65458e-07]

[5.79025e-08]
[3.3687e-08]
[1.65458e-07]

[5.79025e-08]
[3.3687e-08]
[1.65458e-07]

[5.79025e-08]
[3.3687e-08]
[1.65458e-07]

[5.79025e-08]
[3.3687e-08]
[1.65458e-07]

[5.79025e-08]
[3.3687e-08]
[1.65458e-07]

[5.79025e-08]
[3.3687e-08]
[1.65458e-07]

[5.79025e-08]
[3.3687e-08]
[1.65458e-07]

[5.79025e-08]
[3.3687e-08]
[1.65458e-07]

[5.79025e-08]
[3.3687e-08]
[1.65458e-07]

[5.79025e-08]
[3.3687e-08]
[1.65458e-07]

[5.79025e-08]
[3.3687e-08]
[1.65458e-07]

[5.79025e-08]
[3.3687e-08]
[1.65458e-07]

[5.79025e-08]
[3.3687e-08]
[1.65458e-07]

[5.79025e-08]
[3.3687e-08]
[1.65458e-07]

[5.79025e-08]
[3.3687e-08]
[1.65458e-07]

[5.79025e-08]
[3.3687e-08]
[1.65458e-07]

[5.79025e-08]
[3.3687e-08]
[1.65458e-07]

[5.79025e-08]
[3.3687e-08]
[1.65458e-07]

[5.79025e-08]
[3.3687e-08]
[1.65458e-07]

[5.79025e-08]
[3.3687e-08]
[1.65458e-07]

[5.79025e-08]
[3.3687e-08]
[1.65458e-07]

[5.79025e-08]
[3.3687e-08]
[1.65458e-07]

