0 8.12000000001
1 7.90331434241
2 7.69244337996749
3 7.48723080627201
4 7.28752451971084
5 7.09317651031261
6 6.90404274963677
7 6.71998308362689
8 6.540861128348
9 6.3665441685304
10 6.19690305884432
11 6.03181212783185
12 5.87114908442487
13 5.71479492697896
14 5.56263385475596
15 5.41455318178901
16 5.27044325306597
17 5.13019736296896
18 4.99371167590903
19 4.86088514909713
20 4.73161945739369
21 4.60581892018093
22 4.48339043020341
23 4.36424338432391
24 4.24828961614301
25 4.13544333043218
26 4.02562103933165
27 3.91874150026553
28 3.81472565552782
29 3.71349657349456
30 3.61497939141817
31 3.51910125976142
32 3.42579128802968
33 3.33498049206098
34 3.24660174273473
35 3.16058971606091
36 3.0768808446125
37 2.99541327026506
38 2.91612679820829
39 2.83896285219521
40 2.76386443099579
41 2.69077606602253
42 2.61964378009647
43 2.55041504732288
44 2.48303875404684
45 2.41746516085959
46 2.3536458656274
47 2.29153376751533
48 2.23108303197933
49 2.17224905670029
50 2.11498843843505
51 2.05925894075935
52 2.0050194626789
53 1.95223000808527
54 1.90085165603359
55 1.85084653182024
56 1.80217777883875
57 1.75480953119321
58 1.70870688704852
59 1.6638358826979
60 1.62016346732816
61 1.57765747846415
62 1.53628661807384
63 1.49602042931655
64 1.45682927391677
65 1.41868431014687
66 1.38155747140228
67 1.34542144535319
68 1.3102496536572
69 1.27601623221792
70 1.24269601197481
71 1.21026450020982
72 1.17869786235711
73 1.14797290430224
74 1.11806705515757
75 1.0889583505012
76 1.06062541606685
77 1.03304745187263
78 1.00620421677684
79 0.980076013449285
80 0.954643673747017
81 0.929888544483506
82 0.905792473580726
83 0.88233779659382
84 0.859507323598327
85 0.837284326430202
86 0.815652526269153
87 0.794596081556032
88 0.774099576235309
89 0.75414800831387
90 0.734726778727626
91 0.715821680507656
92 0.697418888237813
93 0.679504947795957
94 0.662066766371176
95 0.645091602749576
96 0.6285670578614
97 0.612481065582451
98 0.596821883782981
99 0.58157808561737
100 0.566738551048131
101 0.552292458597924
102 0.538229277323453
103 0.524538759005263
104 0.511210930547637
105 0.498236086582935
106 0.485604782274875
107 0.473307826315398
108 0.461336274109914
109 0.449681421145854
110 0.438334796539603
111 0.427288156757001
112 0.416533479502755
113 0.40606295777421
114 0.395868994075056
115 0.385944194784666
116 0.376281364678888
117 0.366873501598198
118 0.357713791259261
119 0.348795602206042
120 0.340112480896705
121 0.331658146922648
122 0.323426488356122
123 0.315411557222975
124 0.307607565097145
125 0.30000887881364
126 0.292610016296803
127 0.285405642500769
128 0.278390565459097
129 0.271559732440629
130 0.264908226208728
131 0.25843126138111
132 0.252124180887561
133 0.24598245252291
134 0.240001665592697
135 0.234177527649026
136 0.228505861314201
137 0.222982601189765
138 0.217603790848654
139 0.212365579908217
140 0.207264221181951
141 0.202296067907802
142 0.197457571051
143 0.192745276679404
144 0.188155823409414
145 0.183685939920557
146 0.179332442536885
147 0.1750922328734
148 0.170962295545753
149 0.166939695941515
150 0.163021578051361
151 0.159205162358558
152 0.155487743785191
153 0.151866689693594
154 0.148339437941507
155 0.144903494989514
156 0.141556434059346
157 0.138295893341698
158 0.13511957425221
159 0.132025239734329
160 0.129010712607788
161 0.126073873961468
162 0.123212661589464
163 0.120425068469173
164 0.117709141280296
165 0.115062978963634
166 0.112484731318619
167 0.109972597638537
168 0.107524825382424
169 0.105139708882656
170 0.102815588087263
171 0.100550847336049
172 0.0983439141695885
173 0.0961932581702326
174 0.0940973898342571
175 0.0920548594743119
176 0.090064256151363
177 0.0881242066353294
178 0.0862333743936461
179 0.0843904586070006
180 0.0825941932115131
181 0.080843345966648
182 0.0791367175481668
183 0.0774731406654473
184 0.0758514792025144
185 0.0742706273821456
186 0.0727295089524299
187 0.0712270763951765
188 0.0697623101555862
189 0.0683342178926138
190 0.0669418337494645
191 0.0655842176436837
192 0.064260454576313
193 0.0629696539596007
194 0.0617109489627656
195 0.0604834958753322
196 0.0592864734875617
197 0.0581190824875212
198 0.0569805448743431
199 0.0558701033872393
200 0.0547870209498472
201 0.0537305801294948
202 0.0527000826109843
203 0.0516948486845036
204 0.0507142167472864
205 0.0497575428186505
206 0.0488242000680558
207 0.0479135783558308
208 0.0470250837862286
209 0.0461581382724795
210 0.0453121791135185
211 0.0444866585820745
212 0.0436810435238141
213 0.0428948149672454
214 0.0421274677440897
215 0.0413785101198426
216 0.0406474634342487
217 0.0399338617514242
218 0.0392372515193682
219 0.0385571912386107
220 0.0378932511397506
221 0.0372450128696463
222 0.0366120691860253
223 0.0359940236602873
224 0.03539049038828
225 0.0348010937088343
226 0.0342254679298489
227 0.0336632570617237
228 0.0331141145579421
229 0.0325777030626121
230 0.0320536941647779
231 0.0315417681593215
232 0.0310416138142757
233 0.030552928144377
234 0.0300754161906919
235 0.0296087908061507
236 0.0291527724468334
237 0.0287070889688505
238 0.02827147543067
239 0.0278456739007438
240 0.027429433270291
241 0.0270225090710999
242 0.0266246632982143
243 0.0262356642373712
244 0.0258552862970653
245 0.0254833098451128
246 0.0251195210495957
247 0.024763711724069
248 0.0244156791769147
249 0.0240752260647336
250 0.0237421602496639
251 0.0234162946605238
252 0.0230974471576731
253 0.0227854404014954
254 0.0224801017244038
255 0.0221812630062738
256 0.0218887605532138
257 0.0216024349795816
258 0.0213221310931608
259 0.0210476977834126
260 0.0207789879127187
261 0.0205158582105376
262 0.0202581691703934
263 0.0200057849496238
264 0.0197585732718105
265 0.0195164053318224
266 0.0192791557033999
267 0.019046702249213
268 0.0188189260333262
269 0.0185957112360062
270 0.018376945070809
271 0.0181625177038858
272 0.0179523221754473
273 0.0177462543233302
274 0.0175442127086067
275 0.0173460985431857
276 0.0171518156193489
277 0.0169612702411725
278 0.0167743711577822
279 0.0165910294983935
280 0.0164111587090884
281 0.0162346744912829
282 0.0160614947418394
283 0.0158915394947796
284 0.0157247308645562
285 0.0155609929908397
286 0.0154002519847818
287 0.0152424358767141
288 0.0150874745652447
289 0.0149352997677141
290 0.0147858449719759
291 0.0146390453894642
292 0.0144948379095157
293 0.0143531610549111
294 0.0142139549386036
295 0.0140771612216037
296 0.0139427230719878
297 0.013810585125001
298 0.0136806934442255
299 0.013552995483785
300 0.0134274400515583
301 0.0133039772733739
302 0.0131825585581608
303 0.013063136564028
304 0.0129456651652506
305 0.0128300994201345
306 0.0127163955397396
307 0.012604510857437
308 0.012494403799277
309 0.0123860338551483
310 0.0122793615507054
311 0.0121743484200443
312 0.0120709569791071
313 0.0119691506997942
314 0.0118688939847675
315 0.0117701521429244
316 0.0116728913655245
317 0.0115770787029538
318 0.0114826820421058
319 0.0113896700843664
320 0.0112980123241843
321 0.0112076790282121
322 0.0111186412150022
323 0.0110308706352436
324 0.0109443397525244
325 0.0108590217246063
326 0.0107748903851967
327 0.0106919202262064
328 0.0106100863804786
329 0.0105293646049774
330 0.0104497312644232
331 0.0103711633153631
332 0.0102936382906648
333 0.0102171342844224
334 0.010141629937263
335 0.0100671044220447
336 0.00999353742993317
337 0.00992090915684858
338 0.00984920029027264
339 0.00977839199640543
340 0.00970846590766336
341 0.0096394041105089
342 0.00957118913360314
343 0.00950380393627279
344 0.00943723189728297
345 0.00937145680390778
346 0.00930646284129065
347 0.00924223458208676
348 0.00917875697637996
349 0.00911601534186682
350 0.00905399535430089
351 0.00899268303818992
352 0.00893206475773954
353 0.00887212720803665
354 0.00881285740646633
355 0.00875424268435577
356 0.00869627067883938
357 0.00863892932493911
358 0.00858220684785421
359 0.00852609175545491
360 0.00847057283097448
361 0.00841563912589454
362 0.00836127995301827
363 0.00830748487972674
364 0.00825424372141319
365 0.00820154653509086
366 0.00814938361316947
367 0.00809774547739594
368 0.00804662287295509
369 0.00799600676272583
370 0.00794588832168895
371 0.00789625893148227
372 0.00784711017509936
373 0.0077984338317279
374 0.00775022187172411
375 0.00770246645171944
376 0.00765515990985613
377 0.00760829476114826
378 0.00756186369296473
379 0.00751585956063119
380 0.00747027538314757
381 0.0074251043390182
382 0.0073803397621916
383 0.00733597513810682
384 0.00729200409984376
385 0.00724842042437451
386 0.00720521802891308
387 0.00716239096736098
388 0.00711993342684595
389 0.00707783972435153
390 0.00703610430343497
391 0.00699472173103115
392 0.00695368669434018
393 0.00691299399779656
394 0.00687263856011767
395 0.00683261541142948
396 0.00679291969046746
397 0.00675354664185063
398 0.00671449161342698
399 0.00667575005368813
400 0.00663731750925156
401 0.0065991896224086
402 0.00656136212873635
403 0.00652383085477196
404 0.00648659171574753
405 0.006449640713384
406 0.00641297393374263
407 0.00637658754513229
408 0.00634047779607136
409 0.00630464101330256
410 0.00626907359985947
411 0.00623377203318328
412 0.00619873286328849
413 0.00616395271097621
414 0.00612942826609393
415 0.00609515628584034
416 0.00606113359311415
417 0.00602735707490576
418 0.0059938236807305
419 0.00596053042110253
420 0.00592747436604818
421 0.00589465264365776
422 0.00586206243867483
423 0.00582970099112189
424 0.00579756559496157
425 0.00576565359679239
426 0.00573396239457817
427 0.00570248943641013
428 0.00567123221930097
429 0.00564018828800998
430 0.00560935523389833
431 0.00557873069381387
432 0.00554831234900456
433 0.00551809792405983
434 0.00548808518587907
435 0.00545827194266664
436 0.00542865604295262
437 0.00539923537463862
438 0.00537000786406809
439 0.00534097147512034
440 0.00531212420832775
441 0.00528346410001558
442 0.00525498922146365
443 0.00522669767808951
444 0.00519858760865233
445 0.00517065718447718
446 0.00514290460869893
447 0.00511532811552552
448 0.00508792596951984
449 0.00506069646489989
450 0.00503363792485673
451 0.00500674870088965
452 0.00498002717215826
453 0.00495347174485093
454 0.0049270808515692
455 0.00490085295072779
456 0.00487478652596967
457 0.00484888008559604
458 0.00482313216201046
459 0.00479754131117718
460 0.00477210611209296
461 0.00474682516627222
462 0.0047216970972451
463 0.00469672055006812
464 0.0046718941908471
465 0.00464721670627202
466 0.00462268680316346
467 0.00459830320803049
468 0.00457406466663948
469 0.00454996994359371
470 0.00452601782192341
471 0.00450220710268608
472 0.00447853660457661
473 0.00445500516354723
474 0.00443161163243673
475 0.00440835488060898
476 0.00438523379360031
477 0.00436224727277567
478 0.00433939423499318
479 0.00431667361227705
480 0.00429408435149848
481 0.00427162541406441
482 0.00424929577561396
483 0.00422709442572224
484 0.00420502036761146
485 0.0041830726178691
486 0.00416125020617295
487 0.00413955217502284
488 0.00411797757947894
489 0.00409652548690639
490 0.00407519497672616
491 0.00405398514017189
492 0.00403289508005271
493 0.00401192391052172
494 0.00399107075685008
495 0.00397033475520652
496 0.00394971505244222
497 0.00392921080588079
498 0.00390882118311333
499 0.00388854536179833
500 0.00386838252946649
501 0.00384833188333001
502 0.00382839263009659
503 0.00380856398578776
504 0.00378884517556155
505 0.00376923543353935
506 0.00374973400263692
507 0.00373034013439926
508 0.00371105308883954
509 0.00369187213428168
510 0.00367279654720671
511 0.00365382561210268
512 0.00363495862131811
513 0.00361619487491884
514 0.00359753368054823
515 0.0035789743532906
516 0.00356051621553784
517 0.00354215859685911
518 0.00352390083387353
519 0.00350574227012584
520 0.00348768225596488
521 0.0034697201484249
522 0.00345185531110954
523 0.00343408711407849
524 0.00341641493373673
525 0.00339883815272628
526 0.00338135615982043
527 0.00336396834982029
528 0.00334667412345377
529 0.00332947288727677
530 0.00331236405357665
531 0.00329534704027773
532 0.00327842127084907
533 0.00326158617421423
534 0.00324484118466296
535 0.00322818574176499
536 0.00321161929028563
537 0.00319514128010323
538 0.00317875116612852
539 0.00316244840822566
540 0.00314623247113502
541 0.00313010282439766
542 0.00311405894228146
543 0.00309810030370882
544 0.00308222639218596
545 0.00306643669573369
546 0.0030507307068197
547 0.00303510792229234
548 0.00301956784331569
549 0.00300410997530616
550 0.00298873382787033
551 0.00297343891474412
552 0.0029582247537333
553 0.00294309086665517
554 0.00292803677928148
555 0.00291306202128262
556 0.00289816612617282
557 0.00288334863125662
558 0.00286860907757639
559 0.00285394700986091
560 0.00283936197647501
561 0.00282485352937029
562 0.00281042122403678
563 0.00279606461945559
564 0.00278178327805254
565 0.00276757676565271
566 0.00275344465143587
567 0.00273938650789287
568 0.00272540191078279
569 0.00271149043909107
570 0.00269765167498833
571 0.0026838852037901
572 0.00267019061391727
573 0.00265656749685739
574 0.00264301544712659
575 0.00262953406223237
576 0.00261612294263703
577 0.00260278169172182
578 0.00258950991575176
579 0.00257630722384112
580 0.00256317322791962
581 0.00255010754269915
582 0.00253710978564122
583 0.00252417957692495
584 0.00251131653941568
585 0.00249852029863413
586 0.00248579048272619
587 0.00247312672243319
588 0.00246052865106275
589 0.00244799590446015
590 0.0024355281209802
591 0.00242312494145967
592 0.0024107860091901
593 0.00239851096989123
594 0.0023862994716848
595 0.00237415116506881
596 0.00236206570289234
597 0.00235004274033064
598 0.00233808193486081
599 0.00232618294623778
600 0.00231434543647076
601 0.00230256906980011
602 0.00229085351267451
603 0.00227919843372862
604 0.00226760350376106
605 0.00225606839571277
606 0.00224459278464568
607 0.00223317634772184
608 0.0022218187641828
609 0.00221051971532932
610 0.00219927888450149
611 0.0021880959570591
612 0.00217697062036232
613 0.00216590256375278
614 0.0021548914785348
615 0.00214393705795707
616 0.00213303899719448
617 0.00212219699333034
618 0.00211141074533884
619 0.00210067995406772
620 0.0020900043222213
621 0.00207938355434371
622 0.00206881735680238
623 0.0020583054377718
624 0.00204784750721748
625 0.0020374432768802
626 0.00202709246026046
627 0.00201679477260314
628 0.00200654993088246
629 0.00199635765378702
630 0.00198621766170524
631 0.00197612967671082
632 0.00196609342254856
633 0.00195610862462025
634 0.00194617500997087
635 0.00193629230727491
636 0.00192646024682293
637 0.00191667856050824
638 0.0019069469818138
639 0.00189726524579933
640 0.00188763308908855
641 0.00187805024985657
642 0.00186851646781752
643 0.0018590314842123
644 0.00184959504179644
645 0.00184020688482826
646 0.00183086675905702
647 0.00182157441171135
648 0.00181232959148772
649 0.0018031320485392
650 0.00179398153446419
651 0.00178487780229544
652 0.00177582060648908
653 0.00176680970291394
654 0.00175784484884081
655 0.00174892580293203
656 0.00174005232523104
657 0.00173122417715214
658 0.0017224411214704
659 0.0017137029223116
660 0.00170500934514236
661 0.00169636015676035
662 0.00168775512528468
663 0.00167919402014626
664 0.00167067661207845
665 0.00166220267310767
666 0.00165377197654423
667 0.00164538429697313
668 0.00163703941024513
669 0.00162873709346779
670 0.00162047712499662
671 0.00161225928442644
672 0.00160408335258268
673 0.00159594911151289
674 0.00158785634447829
675 0.00157980483594542
676 0.00157179437157788
677 0.00156382473822816
678 0.00155589572392956
679 0.00154800711788818
680 0.00154015871047501
681 0.00153235029321809
682 0.00152458165879475
683 0.00151685260102395
684 0.00150916291485867
685 0.00150151239637838
686 0.00149390084278163
687 0.00148632805237864
688 0.001478793824584
689 0.00147129795990949
690 0.00146384025995687
691 0.00145642052741082
692 0.00144903856603193
693 0.00144169418064971
694 0.00143438717715577
695 0.00142711736249694
696 0.00141988454466854
697 0.0014126885327077
698 0.00140552913668672
699 0.00139840616770648
700 0.00139131943788999
701 0.00138426876037588
702 0.00137725394931206
703 0.00137027481984936
704 0.00136333118813526
705 0.00135642287130771
706 0.00134954968748889
707 0.00134271145577918
708 0.00133590799625108
709 0.00132913912994319
710 0.00132240467885429
711 0.00131570446593742
712 0.00130903831509404
713 0.00130240605116826
714 0.00129580749994106
715 0.0012892424881246
716 0.00128271084335659
717 0.00127621239419464
718 0.00126974697011078
719 0.00126331440148589
720 0.00125691451960424
721 0.0012505471566481
722 0.00124421214569235
723 0.00123790932069914
724 0.00123163851651263
725 0.00122539956885371
726 0.00121919231431481
727 0.00121301659035476
728 0.00120687223529363
729 0.00120075908830769
730 0.00119467698942434
731 0.00118862577951711
732 0.00118260530030073
733 0.00117661539432617
734 0.00117065590497577
735 0.00116472667645839
736 0.00115882755380459
737 0.00115295838286189
738 0.00114711901029
739 0.0011413092835561
740 0.00113552905093022
741 0.00112977816148059
742 0.00112405646506903
743 0.00111836381234639
744 0.00111270005474803
745 0.00110706504448932
746 0.00110145863456116
747 0.0010958806787256
748 0.00109033103151136
749 0.00108480954820953
750 0.00107931608486922
751 0.00107385049829322
752 0.00106841264603378
753 0.00106300238638832
754 0.00105761957839526
755 0.00105226408182979
756 0.00104693575719975
757 0.00104163446574148
758 0.00103636006941578
759 0.00103111243090374
760 0.00102589141360281
761 0.00102069688162272
762 0.00101552869978151
763 0.00101038673360158
764 0.00100527084930579
765 0.00100018091381347
766 0.000995116794736661
767 0.00099007836037616
768 0.000985065479717759
769 0.000980078022428428
770 0.000975115858852538
771 0.000970178860008119
772 0.000965266897583137
773 0.000960379843931793
774 0.000955517572070852
775 0.00095067995567599
776 0.000945866869078176
777 0.000941078187260063
778 0.00093631378585241
779 0.000931573541130534
780 0.000926857330010773
781 0.000922165030046975
782 0.000917496519427019
783 0.000912851676969346
784 0.000908230382119518
785 0.000903632514946799
786 0.00089905795614076
787 0.000894506587007899
788 0.000889978289468287
789 0.000885472946052239
790 0.000880990439896995
791 0.000876530654743436
792 0.000872093474932808
793 0.000867678785403472
794 0.000863286471687677
795 0.000858916419908348
796 0.000854568516775899
797 0.000850242649585057
798 0.000845938706211719
799 0.000841656575109818
800 0.00083739614530821
801 0.000833157306407582
802 0.000828939948577382
803 0.000824743962552759
804 0.000820569239631531
805 0.000816415671671166
806 0.000812283151085781
807 0.000808171570843166
808 0.000804080824461815
809 0.000800010806007987
810 0.000795961410092772
811 0.000791932531869187
812 0.000787924067029282
813 0.000783935911801262
814 0.000779967962946635
815 0.000776020117757366
816 0.000772092274053057
817 0.000768184330178137
818 0.000764296184999075
819 0.000760427737901603
820 0.00075657888878796
821 0.00075274953807415
822 0.00074893958668722
823 0.000745148936062547
824 0.000741377488141146
825 0.000737625145366996
826 0.000733891810684372
827 0.000730177387535205
828 0.000726481779856448
829 0.000722804892077461
830 0.00071914662911741
831 0.000715506896382686
832 0.000711885599764327
833 0.000708282645635472
834 0.000704697940848812
835 0.000701131392734069
836 0.000697582909095484
837 0.000694052398209318
838 0.000690539768821372
839 0.000687044930144514
840 0.000683567791856231
841 0.000680108264096183
842 0.00067666625746378
843 0.000673241683015768
844 0.000669834452263831
845 0.000666444477172201
846 0.000663071670155296
847 0.000659715944075353
848 0.000656377212240084
849 0.000653055388400348
850 0.000649750386747832
851 0.000646462121912741
852 0.000643190508961509
853 0.000639935463394521
854 0.00063669690114384
855 0.000633474738570958
856 0.000630268892464552
857 0.000627079280038259
858 0.000623905818928452
859 0.000620748427192042
860 0.000617607023304284
861 0.000614481526156596
862 0.000611371855054394
863 0.000608277929714933
864 0.000605199670265166
865 0.000602136997239613
866 0.000599089831578236
867 0.000596058094624338
868 0.00059304170812246
869 0.000590040594216298
870 0.000587054675446632
871 0.00058408387474926
872 0.000581128115452951
873 0.000578187321277399
874 0.000575261416331205
875 0.00057235032510985
876 0.000569453972493692
877 0.000566572283745974
878 0.000563705184510836
879 0.000560852600811342
880 0.000558014459047521
881 0.000555190685994408
882 0.00055238120880011
883 0.000549585954983871
884 0.000546804852434154
885 0.000544037829406727
886 0.00054128481452277
887 0.000538545736766981
888 0.000535820525485699
889 0.000533109110385035
890 0.000530411421529013
891 0.000527727389337722
892 0.000525056944585476
893 0.000522400018398989
894 0.000519756542255553
895 0.000517126447981229
896 0.000514509667749051
897 0.000511906134077231
898 0.000509315779827386
899 0.000506738538202761
900 0.000504174342746474
901 0.00050162312733976
902 0.000499084826200231
903 0.000496559373880145
904 0.00049404670526468
905 0.000491546755570222
906 0.000489059460342657
907 0.000486584755455679
908 0.000484122577109102
909 0.00048167286182718
910 0.000479235546456942
911 0.000476810568166528
912 0.000474397864443542
913 0.000471997373093408
914 0.000469609032237734
915 0.000467232780312692
916 0.000464868556067399
917 0.000462516298562309
918 0.000460175947167616
919 0.000457847441561662
920 0.000455530721729353
921 0.000453225727960592
922 0.000450932400848705
923 0.00044865068128889
924 0.000446380510476667
925 0.000444121829906333
926 0.000441874581369438
927 0.000439638706953252
928 0.000437414149039253
929 0.000435200850301621
930 0.00043299875370573
931 0.000430807802506665
932 0.000428627940247728
933 0.000426459110758969
934 0.000424301258155713
935 0.000422154326837101
936 0.000420018261484632
937 0.000417893007060724
938 0.000415778508807268
939 0.000413674712244205
940 0.000411581563168097
941 0.000409499007650713
942 0.000407426992037621
943 0.000405365462946788
944 0.000403314367267185
945 0.0004012736521574
946 0.000399243265044262
947 0.000397223153621466
948 0.00039521326584821
949 0.000393213549947838
950 0.000391223954406487
951 0.000389244427971748
952 0.000387274919651326
953 0.000385315378711713
954 0.000383365754676862
955 0.000381425997326879
956 0.000379496056696705
957 0.000377575883074823
958 0.000375665427001956
959 0.000373764639269783
960 0.000371873470919657
961 0.000369991873241329
962 0.000368119797771679
963 0.000366257196293459
964 0.000364404020834031
965 0.000362560223664127
966 0.000360725757296598
967 0.000358900574485185
968 0.000357084628223289
969 0.000355277871742745
970 0.000353480258512609
971 0.000351691742237946
972 0.000349912276858629
973 0.000348141816548137
974 0.000346380315712368
975 0.000344627728988452
976 0.000342884011243572
977 0.000341149117573792
978 0.00033942300330289
979 0.000337705623981196
980 0.000335996935384438
981 0.000334296893512596
982 0.000332605454588754
983 0.000330922575057968
984 0.000329248211586133
985 0.000327582321058856
986 0.000325924860580342
987 0.000324275787472275
988 0.000322635059272713
989 0.000321002633734985
990 0.000319378468826595
991 0.000317762522728133
992 0.000316154753832187
993 0.000314555120742265
994 0.000312963582271724
995 0.000311380097442694
996 0.000309804625485024
997 0.000308237125835219
998 0.000306677558135392
999 0.000305125882232213
