0 8.12000000001
1 7.50906738881
2 7.3339262742149
3 7.14943988175286
4 6.96770884736847
5 6.79079036121897
6 6.61840131154309
7 6.45041012160257
8 6.28670344956887
9 6.12717188338861
10 5.97170882980438
11 5.82021041782167
12 5.67257542897493
13 5.52870522961438
14 5.3885037048902
15 5.25187719442564
16 5.11873442963305
17 4.98898647263075
18 4.86254665672001
19 4.73933052838211
20 4.61925579075679
21 4.50224224856412
22 4.38821175443317
23 4.27708815660119
24 4.16879724794872
25 4.06326671633612
26 3.96042609620856
27 3.86020672143691
28 3.76254167936312
29 3.6673657660191
30 3.5746154424894
31 3.48422879238831
32 3.39614548042288
33 3.31030671201429
34 3.22665519395043
35 3.14513509604338
36 3.06569201376609
37 2.98827293184329
38 2.91282618877233
39 2.83930144225001
40 2.76764963548246
41 2.6978229643554
42 2.62977484544286
43 2.5634598848329
44 2.49883384774951
45 2.43585362895033
46 2.37447722388043
47 2.31466370056269
48 2.2563731722062
49 2.19956677051412
50 2.14420661967329
51 2.09025581100806
52 2.03767837828154
53 1.98643927362748
54 1.93650434409699
55 1.88784030880413
56 1.8404147366552
57 1.79419602464682
58 1.74915337671825
59 1.70525678314378
60 1.66247700045146
61 1.62078553185465
62 1.58015460818332
63 1.54055716930241
64 1.50196684600467
65 1.46435794236596
66 1.42770541855124
67 1.39198487405955
68 1.35717253139705
69 1.3232452201669
70 1.29018036156556
71 1.25795595327496
72 1.2265505547406
73 1.19594327282553
74 1.1661137478308
75 1.13704213987289
76 1.10870911560904
77 1.08109583530159
78 1.05418394021278
79 1.02795554032129
80 1.00239320235268
81 0.977479938115395
82 0.953199193134679
83 0.929534835576801
84 0.906471145456105
85 0.883992804117718
86 0.862084883988851
87 0.840732838591839
88 0.81992249281224
89 0.799640033415468
90 0.779871999805625
91 0.760605275020337
92 0.741827076955573
93 0.723524949814567
94 0.705686755775126
95 0.688300666869745
96 0.671355157073086
97 0.654838994591544
98 0.638741234349711
99 0.623051210668741
100 0.607758530131687
101 0.592853064631052
102 0.578324944593896
103 0.564164552379964
104 0.550362515848408
105 0.53690970208882
106 0.52379721131235
107 0.511016370898841
108 0.498558729595995
109 0.486416051866674
110 0.474580312380571
111 0.463043690646547
112 0.451798565782049
113 0.440837511416119
114 0.430153290722555
115 0.419738851579928
116 0.409587321855201
117 0.399692004807792
118 0.390046374611011
119 0.380644071987876
120 0.37147889995837
121 0.362544819695318
122 0.353835946486089
123 0.345346545797427
124 0.337071029440785
125 0.329003951835582
126 0.321140006367891
127 0.313474021842118
128 0.306000959023299
129 0.298715907267696
130 0.291614081239443
131 0.28469081771104
132 0.277941572445552
133 0.271361917158438
134 0.264947536556956
135 0.258694225455185
136 0.252597885962712
137 0.246654524745127
138 0.240860250354458
139 0.235211270627801
140 0.229703890152367
141 0.224334507795268
142 0.219099614296395
143 0.213995789922752
144 0.209019702182701
145 0.204168103598581
146 0.1994378295362
147 0.194825796089758
148 0.190328998020787
149 0.185944506749718
150 0.181669468398742
151 0.177501101884647
152 0.173436697060357
153 0.169473612903935
154 0.165609275753825
155 0.161841177589171
156 0.158166874354035
157 0.154583984324426
158 0.151090186517016
159 0.147683219138497
160 0.144360878074538
161 0.14112101541732
162 0.137961538030681
163 0.134880406151898
164 0.131875632029172
165 0.128945278593912
166 0.126087458166912
167 0.123300331197583
168 0.120582105035365
169 0.117931032732518
170 0.115345411877488
171 0.112823583458056
172 0.110363930753522
173 0.107964878255175
174 0.105624890614333
175 0.103342471617239
176 0.101116163186139
177 0.0989445444058625
178 0.0968262305752642
179 0.0947598722828822
180 0.0927441545062021
181 0.0907777957339206
182 0.0888595471106203
183 0.086988191603287
184 0.0851625431891073
185 0.083381446064007
186 0.0816437738713977
187 0.0799484289506168
188 0.0782943416045585
189 0.0766804693860042
190 0.0751057964021761
191 0.073569332637048
192 0.0720701132909596
193 0.0706071981370934
194 0.0691796708943821
195 0.0677866386164286
196 0.0664272310960274
197 0.0651006002848924
198 0.0638059197281984
199 0.0625423840135623
200 0.0613092082340919
201 0.060105627465145
202 0.0589308962544482
203 0.0577842881252338
204 0.0566650950920627
205 0.0555726271890094
206 0.0545062120098931
207 0.0534651942602483
208 0.0524489353207328
209 0.0514568128216837
210 0.0504882202285355
211 0.049542566437822
212 0.0486192753834938
213 0.047717785653286
214 0.0468375501148808
215 0.0459780355516138
216 0.0451387223074817
217 0.044319103941212
218 0.0435186868891654
219 0.0427369901368429
220 0.0419735448987807
221 0.0412278943066158
222 0.0404995931051165
223 0.0397882073559714
224 0.0390933141491422
225 0.0384145013215832
226 0.0377513671831434
227 0.0371035202494648
228 0.0364705789816993
229 0.0358521715328708
230 0.0352479355007116
231 0.0346575176868082
232 0.0340805738618957
233 0.0335167685371437
234 0.0329657747412801
235 0.0324272738034049
236 0.0319009551413471
237 0.0313865160554249
238 0.0308836615274698
239 0.0303921040249813
240 0.0299115633102799
241 0.0294417662545326
242 0.0289824466565242
243 0.0285333450660554
244 0.0280942086118482
245 0.0276647908338438
246 0.027244851519781
247 0.026834156545946
248 0.0264324777219866
249 0.0260395926396872
250 0.0256552845256033
251 0.0252793420974579
252 0.0249115594242023
253 0.0245517357896488
254 0.0241996755595832
255 0.02385518805227
256 0.0235180874122607
257 0.0231881924874244
258 0.0228653267091154
259 0.0225493179753995
260 0.0222399985372601
261 0.0219372048877087
262 0.0216407776537246
263 0.0213505614909527
264 0.0210664049810879
265 0.0207881605318789
266 0.0205156842796829
267 0.0202488359945073
268 0.0199874789874739
269 0.0197314800206451
270 0.0194807092191508
271 0.0192350399855564
272 0.0189943489164176
273 0.0187585157209627
274 0.0185274231418504
275 0.0183009568779496
276 0.0180790055090886
277 0.0178614604227253
278 0.0176482157424872
279 0.0174391682585349
280 0.0172342173597027
281 0.0170332649673697
282 0.0168362154710181
283 0.0166429756654355
284 0.0164534546895193
285 0.0162675639666422
286 0.0160852171465384
287 0.0159063300486728
288 0.0157308206070547
289 0.0155586088164588
290 0.015389616680018
291 0.0152237681581535
292 0.0150609891188066
293 0.0149012072889405
294 0.014744352207279
295 0.0145903551782501
296 0.0144391492271046
297 0.0142906690561794
298 0.0141448510022756
299 0.0140016329951244
300 0.0138609545169114
301 0.0137227565628333
302 0.0135869816026607
303 0.0134535735432805
304 0.0133224776921939
305 0.0131936407219446
306 0.0130670106354545
307 0.0129425367322428
308 0.0128201695755068
309 0.0126998609600413
310 0.0125815638809765
311 0.0124652325033128
312 0.0123508221322318
313 0.0122382891841645
314 0.0121275911585969
315 0.0120186866105942
316 0.0119115351240259
317 0.011806097285472
318 0.0117023346587959
319 0.0116002097603642
320 0.0114996860348985
321 0.0114007278319429
322 0.01130330038293
323 0.0112073697788332
324 0.0111129029483867
325 0.0110198676368616
326 0.0109282323853821
327 0.0108379665107693
328 0.0107490400858982
329 0.0106614239205552
330 0.0105750895427829
331 0.0104900091807012
332 0.0104061557447901
333 0.0103235028106251
334 0.0102420246020513
335 0.0101616959747868
336 0.0100824924004432
337 0.0100043899509535
338 0.00992736528339636
339 0.00985139562520658
340 0.00977645875976271
341 0.00970253301234122
342 0.00962959723642845
343 0.00955763080038112
344 0.00948661357442627
345 0.0094165259179924
346 0.00934734866736286
347 0.00927906312364373
348 0.00921165104103782
349 0.00914509461541715
350 0.00907937647318636
351 0.00901447966042934
352 0.00895038763233226
353 0.00888708424287561
354 0.00882455373478854
355 0.00876278072975882
356 0.00870175021889181
357 0.00864144755341222
358 0.00858185843560231
359 0.00852296890997069
360 0.00846476535464557
361 0.00840723447298709
362 0.00835036328541281
363 0.0082941391214311
364 0.00823854961187714
365 0.00818358268134619
366 0.00812922654081946
367 0.00807546968047711
368 0.00802230086269425
369 0.00796970911521472
370 0.00791768372449849
371 0.00786621422923804
372 0.00781529041403955
373 0.0077649023032646
374 0.00771504015502827
375 0.00766569445534982
376 0.00761685591245188
377 0.00756851545120439
378 0.00752066420770977
379 0.0074732935240254
380 0.00742639494302025
381 0.00737996020336211
382 0.00733398123463188
383 0.00728845015256208
384 0.00724335925439612
385 0.0071987010143653
386 0.00715446807928065
387 0.00711065326423656
388 0.00706724954842343
389 0.00702425007104655
390 0.00698164812734838
391 0.00693943716473191
392 0.00689761077898206
393 0.00685616271058313
394 0.00681508684112936
395 0.00677437718982668
396 0.00673402791008298
397 0.00669403328618483
398 0.00665438773005843
399 0.00661508577811249
400 0.00657612208816124
401 0.00653749143642526
402 0.00649918871460826
403 0.00646120892704788
404 0.00642354718793866
405 0.00638619871862522
406 0.00634915884496395
407 0.0063124229947515
408 0.0062759866952183
409 0.00623984557058538
410 0.0062039953396832
411 0.00616843181363041
412 0.00613315089357153
413 0.00609814856847157
414 0.00606342091296668
415 0.00602896408526877
416 0.00599477432512333
417 0.00596084795181866
418 0.00592718136224546
419 0.00589377102900535
420 0.00586061349856714
421 0.00582770538946966
422 0.0057950433905699
423 0.0057626242593353
424 0.00573044482017921
425 0.00569850196283821
426 0.00566679264079038
427 0.00563531386971341
428 0.0056040627259816
429 0.00557303634520066
430 0.00554223192077942
431 0.00551164670253753
432 0.00548127799534817
433 0.0054511231578149
434 0.00542117960098186
435 0.00539144478707628
436 0.00536191622828275
437 0.00533259148554823
438 0.00530346816741703
439 0.00527454392889512
440 0.00524581647034303
441 0.00521728353639632
442 0.00518894291491341
443 0.00516079243594956
444 0.0051328299707568
445 0.00510505343080875
446 0.00507746076685003
447 0.00505004996796935
448 0.00502281906069593
449 0.00499576610811845
450 0.00496888920902614
451 0.00494218649707126
452 0.00491565613995262
453 0.00488929633861945
454 0.00486310532649516
455 0.00483708136872054
456 0.00481122276141579
457 0.00478552783096104
458 0.00475999493329477
459 0.00473462245322974
460 0.00470940880378597
461 0.0046843524255403
462 0.00465945178599225
463 0.00463470537894558
464 0.00461011172390523
465 0.00458566936548929
466 0.00456137687285562
467 0.00453723283914265
468 0.00451323588092404
469 0.00448938463767705
470 0.00446567777126383
471 0.0044421139654258
472 0.00441869192529044
473 0.00439541037689033
474 0.00437226806669409
475 0.00434926376114888
476 0.00432639624623432
477 0.00430366432702729
478 0.00428106682727758
479 0.00425860258899397
480 0.00423627047204051
481 0.00421406935374277
482 0.0041919981285038
483 0.00417005570742946
484 0.00414824101796309
485 0.00412655300352904
486 0.00410499062318506
487 0.00408355285128309
488 0.00406223867713854
489 0.00404104710470751
490 0.004019977152272
491 0.00399902785213283
492 0.00397819825031
493 0.00395748740625046
494 0.00393689439254291
495 0.00391641829463966
496 0.0038960582105852
497 0.00387581325075136
498 0.00385568253757899
499 0.00383566520532588
500 0.00381576039982073
501 0.00379596727822322
502 0.00377628500878979
503 0.00375671277064512
504 0.00373724975355918
505 0.00371789515772956
506 0.0036986481935692
507 0.00367950808149911
508 0.00366047405174615
509 0.00364154534414564
510 0.00362272120794877
511 0.00360400090163453
512 0.00358538369272629
513 0.00356686885761262
514 0.00354845568137254
515 0.00353014345760484
516 0.0035119314882615
517 0.00349381908348512
518 0.00347580556145019
519 0.00345789024820811
520 0.00344007247753592
521 0.00342235159078861
522 0.00340472693675494
523 0.00338719787151664
524 0.00336976375831093
525 0.00335242396739635
526 0.00333517787592166
527 0.00331802486779784
528 0.00330096433357319
529 0.00328399567031118
530 0.00326711828147134
531 0.00325033157679281
532 0.00323363497218066
533 0.00321702788959484
534 0.0032005097569417
535 0.00318408000796806
536 0.00316773808215771
537 0.0031514834246303
538 0.00313531548604258
539 0.0031192337224919
540 0.00310323759542193
541 0.00308732657153055
542 0.00307150012267987
543 0.00305575772580826
544 0.00304009886284442
545 0.00302452302062339
546 0.00300902969080448
547 0.0029936183697911
548 0.00297828855865228
549 0.00296303976304612
550 0.00294787149314483
551 0.00293278326356156
552 0.00291777459327878
553 0.00290284500557834
554 0.00288799402797303
555 0.00287322119213972
556 0.0028585260338539
557 0.0028439080929258
558 0.00282936691313779
559 0.00281490204218322
560 0.00280051303160665
561 0.00278619943674527
562 0.00277196081667175
563 0.00275779673413818
564 0.00274370675552138
565 0.00272969045076928
566 0.00271574739334851
567 0.00270187716019315
568 0.00268807933165449
569 0.00267435349145196
570 0.00266069922662509
571 0.00264711612748641
572 0.00263360378757548
573 0.00262016180361381
574 0.00260678977546073
575 0.00259348730607022
576 0.00258025400144867
577 0.00256708947061341
578 0.00255399332555225
579 0.00254096518118377
580 0.00252800465531842
581 0.00251511136862049
582 0.00250228494457081
583 0.00248952500943021
584 0.00247683119220376
585 0.00246420312460572
586 0.00245164044102518
587 0.00243914277849239
588 0.00242670977664583
589 0.00241434107769987
590 0.00240203632641307
591 0.00238979517005716
592 0.00237761725838662
593 0.0023655022436088
594 0.0023534497803547
595 0.00234145952565029
596 0.00232953113888837
597 0.002317664281801
598 0.00230585861843243
599 0.00229411381511261
600 0.00228242954043111
601 0.00227080546521163
602 0.00225924126248693
603 0.00224773660747423
604 0.00223629117755116
605 0.00222490465223199
606 0.00221357671314447
607 0.00220230704400702
608 0.0021910953306063
609 0.00217994126077529
610 0.00216884452437166
611 0.00215780481325662
612 0.00214682182127408
613 0.00213589524423024
614 0.00212502477987349
615 0.00211421012787475
616 0.002103450989808
617 0.00209274706913134
618 0.00208209807116824
619 0.00207150370308918
620 0.00206096367389358
621 0.00205047769439203
622 0.00204004547718888
623 0.00202966673666503
624 0.00201934118896112
625 0.00200906855196089
626 0.00199884854527489
627 0.00198868089022445
628 0.00197856530982586
629 0.0019685015287749
630 0.00195848927343153
631 0.00194852827180487
632 0.00193861825353844
633 0.00192875894989558
634 0.00191895009374512
635 0.00190919141954733
636 0.00189948266334
637 0.00188982356272482
638 0.00188021385685387
639 0.00187065328641642
640 0.00186114159362589
641 0.00185167852220696
642 0.00184226381738295
643 0.00183289722586334
644 0.00182357849583149
645 0.00181430737693253
646 0.00180508362026144
647 0.00179590697835128
648 0.00178677720516163
649 0.00177769405606716
650 0.00176865728784636
651 0.00175966665867044
652 0.00175072192809241
653 0.00174182285703626
654 0.00173296920778632
655 0.00172416074397676
656 0.00171539723058124
657 0.00170667843390271
658 0.00169800412156328
659 0.00168937406249431
660 0.00168078802692658
661 0.00167224578638061
662 0.00166374711365711
663 0.00165529178282749
664 0.00164687956922461
665 0.00163851024943352
666 0.00163018360128242
667 0.00162189940383366
668 0.00161365743737489
669 0.00160545748341034
670 0.0015972993246521
671 0.00158918274501166
672 0.00158110752959145
673 0.00157307346467648
674 0.00156508033772612
675 0.00155712793736598
676 0.00154921605337984
677 0.00154134447670171
678 0.00153351299940795
679 0.00152572141470956
680 0.00151796951694441
681 0.00151025710156972
682 0.00150258396515451
683 0.00149494990537218
684 0.00148735472099317
685 0.00147979821187769
686 0.00147228017896853
687 0.00146480042428395
688 0.00145735875091066
689 0.00144995496299684
690 0.00144258886574525
691 0.00143526026540644
692 0.001427968969272
693 0.00142071478566785
694 0.00141349752394768
695 0.00140631699448639
696 0.00139917300867358
697 0.0013920653789072
698 0.00138499391858719
699 0.00137795844210915
700 0.00137095876485815
701 0.00136399470320259
702 0.00135706607448804
703 0.00135017269703124
704 0.00134331439011409
705 0.00133649097397772
706 0.00132970226981664
707 0.00132294809977285
708 0.00131622828693015
709 0.00130954265530838
710 0.00130289102985776
711 0.00129627323645328
712 0.00128968910188913
713 0.00128313845387322
714 0.00127662112102166
715 0.00127013693285338
716 0.00126368571978475
717 0.00125726731312428
718 0.00125088154506728
719 0.00124452824869071
720 0.0012382072579479
721 0.00123191840766351
722 0.00122566153352831
723 0.00121943647209424
724 0.0012132430607693
725 0.00120708113781262
726 0.0012009505423295
727 0.00119485111426655
728 0.00118878269440678
729 0.00118274512436484
730 0.00117673824658221
731 0.00117076190432243
732 0.00116481594166647
733 0.00115890020350799
734 0.00115301453554875
735 0.00114715878429401
736 0.00114133279704795
737 0.00113553642190915
738 0.00112976950776613
739 0.00112403190429285
740 0.00111832346194432
741 0.00111264403195217
742 0.00110699346632033
743 0.00110137161782071
744 0.00109577833998884
745 0.00109021348711969
746 0.00108467691426339
747 0.00107916847722102
748 0.00107368803254048
749 0.00106823543751233
750 0.00106281055016564
751 0.00105741322926397
752 0.00105204333430129
753 0.00104670072549792
754 0.00104138526379659
755 0.00103609681085844
756 0.00103083522905906
757 0.00102560038148463
758 0.00102039213192796
759 0.00101521034488468
760 0.00101005488554941
761 0.00100492561981188
762 0.000999822414253242
763 0.000994745136142228
764 0.00098969365343147
765 0.000984667834753763
766 0.000979667549418392
767 0.000974692667407468
768 0.00096974305937229
769 0.000964818596629733
770 0.000959919151158663
771 0.000955044595596365
772 0.000950194803235003
773 0.000945369648018098
774 0.000940569004537033
775 0.000935792748027576
776 0.000931040754366427
777 0.000926312900067784
778 0.000921609062279937
779 0.000916929118781879
780 0.000912272947979937
781 0.000907640428904428
782 0.00090303144120633
783 0.000898445865153983
784 0.000893883581629798
785 0.000889344472127001
786 0.000884828418746382
787 0.000880335304193075
788 0.000875865011773351
789 0.000871417425391436
790 0.000866992429546343
791 0.000862589909328728
792 0.000858209750417759
793 0.00085385183907801
794 0.00084951606215637
795 0.000845202307078975
796 0.000840910461848147
797 0.000836640415039368
798 0.000832392055798258
799 0.000828165273837573
800 0.000823959959434233
801 0.000819776003426348
802 0.000815613297210277
803 0.000811471732737699
804 0.000807351202512696
805 0.000803251599588866
806 0.000799172817566436
807 0.000795114750589407
808 0.000791077293342704
809 0.000787060341049352
810 0.00078306378946766
811 0.000779087534888428
812 0.000775131474132164
813 0.000771195504546319
814 0.000767279524002546
815 0.000763383430893957
816 0.000759507124132415
817 0.000755650503145824
818 0.000751813467875448
819 0.000747995918773244
820 0.000744197756799191
821 0.000740418883418666
822 0.000736659200599807
823 0.000732918610810904
824 0.000729197017017806
825 0.000725494322681332
826 0.000721810431754707
827 0.00071814524868101
828 0.000714498678390632
829 0.00071087062629875
830 0.000707260998302816
831 0.000703669700780064
832 0.000700096640585022
833 0.000696541725047045
834 0.000693004861967855
835 0.000689485959619102
836 0.000685984926739934
837 0.000682501672534581
838 0.000679036106669952
839 0.000675588139273248
840 0.000672157680929582
841 0.000668744642679617
842 0.000665348936017217
843 0.00066197047288711
844 0.000658609165682559
845 0.000655264927243052
846 0.000651937670852007
847 0.000648627310234474
848 0.000645333759554873
849 0.000642056933414722
850 0.000638796746850388
851 0.000635553115330856
852 0.000632325954755493
853 0.000629115181451841
854 0.000625920712173412
855 0.000622742464097498
856 0.000619580354822993
857 0.000616434302368227
858 0.000613304225168807
859 0.000610190042075478
860 0.00060709167235199
861 0.000604009035672971
862 0.000600942052121828
863 0.000597890642188641
864 0.000594854726768078
865 0.000591834227157319
866 0.000588829065053992
867 0.000585839162554119
868 0.000582864442150072
869 0.000579904826728542
870 0.000576960239568516
871 0.000574030604339266
872 0.000571115845098355
873 0.00056821588628964
874 0.000565330652741294
875 0.000562460069663846
876 0.000559604062648211
877 0.000556762557663749
878 0.000553935481056328
879 0.000551122759546396
880 0.000548324320227061
881 0.000545540090562188
882 0.000542769998384499
883 0.00054001397189369
884 0.000537271939654547
885 0.000534543830595087
886 0.000531829574004696
887 0.000529129099532281
888 0.000526442337184435
889 0.000523769217323603
890 0.000521109670666271
891 0.000518463628281151
892 0.000515831021587384
893 0.000513211782352747
894 0.000510605842691873
895 0.000508013135064483
896 0.000505433592273617
897 0.000502867147463887
898 0.000500313734119725
899 0.000497773286063657
900 0.000495245737454573
901 0.000492731022786007
902 0.000490229076884432
903 0.000487739834907562
904 0.000485263232342658
905 0.000482799205004852
906 0.000480347689035464
907 0.000477908620900352
908 0.000475481937388242
909 0.000473067575609092
910 0.000470665472992449
911 0.000468275567285818
912 0.000465897796553042
913 0.000463532099172692
914 0.000461178413836455
915 0.000458836679547545
916 0.000456506835619111
917 0.000454188821672658
918 0.000451882577636474
919 0.000449588043744068
920 0.000447305160532615
921 0.000445033868841407
922 0.000442774109810313
923 0.00044052582487825
924 0.000438288955781655
925 0.000436063444552976
926 0.000433849233519157
927 0.00043164626530014
928 0.000429454482807378
929 0.000427273829242341
930 0.000425104248095045
931 0.000422945683142581
932 0.000420798078447655
933 0.000418661378357128
934 0.000416535527500576
935 0.000414420470788845
936 0.000412316153412623
937 0.000410222520841013
938 0.000408139518820117
939 0.000406067093371623
940 0.000404005190791407
941 0.000401953757648132
942 0.000399912740781864
943 0.000397882087302689
944 0.000395861744589339
945 0.000393851660287823
946 0.00039185178231007
947 0.000389862058832574
948 0.000387882438295047
949 0.000385912869399083
950 0.000383953301106822
951 0.000382003682639625
952 0.000380063963476757
953 0.000378134093354076
954 0.00037621402226272
955 0.00037430370044782
956 0.000372403078407199
957 0.00037051210689009
958 0.000368630736895858
959 0.000366758919672725
960 0.000364896606716508
961 0.000363043749769356
962 0.000361200300818501
963 0.000359366212095008
964 0.000357541436072538
965 0.000355725925466112
966 0.000353919633230887
967 0.00035212251256093
968 0.000350334516888008
969 0.000348555599880375
970 0.000346785715441576
971 0.000345024817709243
972 0.000343272861053911
973 0.00034152980007783
974 0.00033979558961379
975 0.000338070184723947
976 0.000336353540698658
977 0.000334645613055319
978 0.000332946357537216
979 0.000331255730112368
980 0.000329573686972397
981 0.000327900184531377
982 0.000326235179424717
983 0.000324578628508025
984 0.000322930488855998
985 0.000321290717761301
986 0.000319659272733464
987 0.000318036111497778
988 0.000316421191994197
989 0.000314814472376252
990 0.00031321591100996
991 0.000311625466472747
992 0.000310043097552375
993 0.00030846876324587
994 0.000306902422758461
995 0.000305344035502521
996 0.000303793561096514
997 0.000302250959363949
998 0.000300716190332339
999 0.000299189214232162
