0 -nan
1 -4.62025
2 -4.24456
3 -3.70812
4 -3.27943
5 -2.94684
6 -2.68396
7 -2.47024
8 -2.2921
9 -2.14053
10 -2.00937
11 -1.89426
12 -1.79204
13 -1.70036
14 -1.61741
15 -1.54181
16 -1.47246
17 -1.40848
18 -1.34915
19 -1.29389
20 -1.2422
21 -1.19369
22 -1.148
23 -1.10484
24 -1.06397
25 -1.02515
26 -0.988202
27 -0.952962
28 -0.919282
29 -0.887034
30 -0.856105
31 -0.826393
32 -0.797808
33 -0.770269
34 -0.743703
35 -0.718044
36 -0.693233
37 -0.669216
38 -0.645943
39 -0.62337
40 -0.601455
41 -0.580161
42 -0.559453
43 -0.5393
44 -0.519671
45 -0.50054
46 -0.481881
47 -0.463672
48 -0.44589
49 -0.428515
50 -0.411529
51 -0.394914
52 -0.378654
53 -0.362733
54 -0.347137
55 -0.331852
56 -0.316866
57 -0.302167
58 -0.287743
59 -0.273585
60 -0.259682
61 -0.246025
62 -0.232605
63 -0.219413
64 -0.206442
65 -0.193685
66 -0.181133
67 -0.16878
68 -0.15662
69 -0.144647
70 -0.132855
71 -0.121239
72 -0.109792
73 -0.0985111
74 -0.0873903
75 -0.0764253
76 -0.0656119
77 -0.0549459
78 -0.0444234
79 -0.0340406
80 -0.0237938
81 -0.0136796
82 -0.00369472
83 0.00616401
84 0.0158996
85 0.025515
86 0.035013
87 0.0443963
88 0.0536673
89 0.0628286
90 0.0718826
91 0.0808314
92 0.0896773
93 0.0984223
94 0.107068
95 0.115618
96 0.124072
97 0.132433
98 0.140702
99 0.148882
100 0.156973
101 0.164977
102 0.172896
103 0.180731
104 0.188484
105 0.196155
106 0.203746
107 0.211259
108 0.218694
109 0.226052
110 0.233336
111 0.240544
112 0.24768
113 0.254743
114 0.261735
115 0.268656
116 0.275508
117 0.282291
118 0.289006
119 0.295653
120 0.302235
121 0.30875
122 0.315201
123 0.321587
124 0.327909
125 0.334169
126 0.340365
127 0.3465
128 0.352574
129 0.358587
130 0.364539
131 0.370432
132 0.376265
133 0.382039
134 0.387755
135 0.393413
136 0.399013
137 0.404556
138 0.410042
139 0.415472
140 0.420845
141 0.426163
142 0.431425
143 0.436632
144 0.441784
145 0.446881
146 0.451925
147 0.456913
148 0.461849
149 0.46673
150 0.471558
151 0.476333
152 0.481055
153 0.485724
154 0.49034
155 0.494904
156 0.499416
157 0.503876
158 0.508284
159 0.51264
160 0.516944
161 0.521197
162 0.525398
163 0.529548
164 0.533647
165 0.537695
166 0.541692
167 0.545639
168 0.549534
169 0.553379
170 0.557173
171 0.560917
172 0.56461
173 0.568253
174 0.571846
175 0.575388
176 0.578881
177 0.582323
178 0.585715
179 0.589058
180 0.59235
181 0.595592
182 0.598785
183 0.601928
184 0.605021
185 0.608065
186 0.611059
187 0.614003
188 0.616898
189 0.619743
190 0.622539
191 0.625286
192 0.627983
193 0.630631
194 0.633229
195 0.635779
196 0.638279
197 0.64073
198 0.643132
199 0.645485
200 0.647789
201 0.650044
202 0.652251
203 0.654408
204 0.656517
205 0.658577
206 0.660589
207 0.662552
208 0.664467
209 0.666333
210 0.668151
211 0.669921
212 0.671643
213 0.673317
214 0.674943
215 0.676521
216 0.678052
217 0.679534
218 0.68097
219 0.682358
220 0.683699
221 0.684993
222 0.68624
223 0.68744
224 0.688593
225 0.6897
226 0.690761
227 0.691775
228 0.692743
229 0.693666
230 0.694543
231 0.695374
232 0.69616
233 0.696901
234 0.697597
235 0.698249
236 0.698856
237 0.699419
238 0.699938
239 0.700413
240 0.700844
241 0.701232
242 0.701578
243 0.70188
244 0.70214
245 0.702358
246 0.702534
247 0.702668
248 0.702761
249 0.702813
250 0.702824
251 0.702794
252 0.702725
253 0.702616
254 0.702467
255 0.702279
256 0.702053
257 0.701788
258 0.701485
259 0.701144
260 0.700766
261 0.700352
262 0.6999
263 0.699413
264 0.698889
265 0.698331
266 0.697737
267 0.697109
268 0.696447
269 0.695751
270 0.695022
271 0.69426
272 0.693465
273 0.692639
274 0.691781
275 0.690892
276 0.689973
277 0.689023
278 0.688044
279 0.687035
280 0.685998
281 0.684932
282 0.683839
283 0.682718
284 0.681571
285 0.680397
286 0.679198
287 0.677973
288 0.676723
289 0.675449
290 0.674151
291 0.67283
292 0.671486
293 0.67012
294 0.668732
295 0.667322
296 0.665892
297 0.664441
298 0.662971
299 0.661482
300 0.659973
301 0.658447
302 0.656903
303 0.655341
304 0.653763
305 0.652169
306 0.650559
307 0.648934
308 0.647294
309 0.64564
310 0.643973
311 0.642292
312 0.640599
313 0.638893
314 0.637176
315 0.635448
316 0.633709
317 0.631961
318 0.630202
319 0.628434
320 0.626658
321 0.624873
322 0.62308
323 0.621281
324 0.619474
325 0.617661
326 0.615842
327 0.614018
328 0.612189
329 0.610355
330 0.608517
331 0.606675
332 0.604831
333 0.602983
334 0.601133
335 0.599281
336 0.597428
337 0.595573
338 0.593718
339 0.591862
340 0.590006
341 0.588151
342 0.586296
343 0.584443
344 0.582591
345 0.580741
346 0.578894
347 0.577049
348 0.575207
349 0.573368
350 0.571533
351 0.569702
352 0.567875
353 0.566052
354 0.564235
355 0.562422
356 0.560616
357 0.558815
358 0.55702
359 0.555231
360 0.553449
361 0.551674
362 0.549905
363 0.548145
364 0.546392
365 0.544646
366 0.542909
367 0.54118
368 0.53946
369 0.537748
370 0.536045
371 0.534352
372 0.532668
373 0.530993
374 0.529328
375 0.527673
376 0.526028
377 0.524393
378 0.522769
379 0.521155
380 0.519552
381 0.517959
382 0.516378
383 0.514808
384 0.513249
385 0.511701
386 0.510165
387 0.508641
388 0.507128
389 0.505627
390 0.504137
391 0.50266
392 0.501195
393 0.499742
394 0.498302
395 0.496873
396 0.495457
397 0.494054
398 0.492663
399 0.491284
400 0.489918
401 0.488565
402 0.487224
403 0.485897
404 0.484581
405 0.483279
406 0.48199
407 0.480713
408 0.479449
409 0.478199
410 0.476961
411 0.475736
412 0.474524
413 0.473324
414 0.472138
415 0.470965
416 0.469804
417 0.468657
418 0.467522
419 0.466401
420 0.465292
421 0.464196
422 0.463112
423 0.462042
424 0.460984
425 0.459939
426 0.458907
427 0.457887
428 0.45688
429 0.455886
430 0.454904
431 0.453935
432 0.452978
433 0.452033
434 0.451101
435 0.450182
436 0.449274
437 0.448379
438 0.447496
439 0.446625
440 0.445766
441 0.444919
442 0.444084
443 0.443261
444 0.442449
445 0.44165
446 0.440862
447 0.440085
448 0.439321
449 0.438567
450 0.437826
451 0.437095
452 0.436376
453 0.435668
454 0.434971
455 0.434285
456 0.43361
457 0.432946
458 0.432293
459 0.43165
460 0.431019
461 0.430397
462 0.429787
463 0.429187
464 0.428597
465 0.428018
466 0.427448
467 0.426889
468 0.42634
469 0.425801
470 0.425272
471 0.424753
472 0.424243
473 0.423744
474 0.423253
475 0.422773
476 0.422301
477 0.421839
478 0.421387
479 0.420943
480 0.420509
481 0.420084
482 0.419667
483 0.41926
484 0.418861
485 0.418472
486 0.41809
487 0.417718
488 0.417354
489 0.416998
490 0.416651
491 0.416312
492 0.415981
493 0.415658
494 0.415343
495 0.415037
496 0.414738
497 0.414447
498 0.414163
499 0.413888
500 0.41362
501 0.413359
502 0.413106
503 0.412861
504 0.412622
505 0.412391
506 0.412167
507 0.41195
508 0.41174
509 0.411537
510 0.411341
511 0.411152
512 0.41097
513 0.410794
514 0.410625
515 0.410462
516 0.410306
517 0.410156
518 0.410013
519 0.409875
520 0.409745
521 0.40962
522 0.409501
523 0.409388
524 0.409282
525 0.409181
526 0.409086
527 0.408996
528 0.408913
529 0.408835
530 0.408763
531 0.408696
532 0.408634
533 0.408579
534 0.408528
535 0.408483
536 0.408443
537 0.408408
538 0.408378
539 0.408353
540 0.408334
541 0.408319
542 0.408309
543 0.408304
544 0.408304
545 0.408309
546 0.408318
547 0.408332
548 0.408351
549 0.408374
550 0.408401
551 0.408433
552 0.40847
553 0.40851
554 0.408555
555 0.408605
556 0.408658
557 0.408716
558 0.408778
559 0.408843
560 0.408913
561 0.408987
562 0.409065
563 0.409146
564 0.409232
565 0.409321
566 0.409414
567 0.40951
568 0.409611
569 0.409715
570 0.409822
571 0.409933
572 0.410048
573 0.410166
574 0.410287
575 0.410412
576 0.41054
577 0.410672
578 0.410807
579 0.410945
580 0.411086
581 0.41123
582 0.411378
583 0.411528
584 0.411682
585 0.411838
586 0.411998
587 0.41216
588 0.412326
589 0.412494
590 0.412665
591 0.412839
592 0.413016
593 0.413195
594 0.413377
595 0.413562
596 0.41375
597 0.41394
598 0.414132
599 0.414328
600 0.414525
601 0.414726
602 0.414928
603 0.415134
604 0.415341
605 0.415551
606 0.415764
607 0.415978
608 0.416195
609 0.416414
610 0.416636
611 0.416859
612 0.417085
613 0.417313
614 0.417543
615 0.417776
616 0.41801
617 0.418246
618 0.418485
619 0.418725
620 0.418968
621 0.419212
622 0.419459
623 0.419707
624 0.419957
625 0.420209
626 0.420463
627 0.420719
628 0.420976
629 0.421235
630 0.421497
631 0.421759
632 0.422024
633 0.42229
634 0.422558
635 0.422828
636 0.423099
637 0.423372
638 0.423646
639 0.423922
640 0.424199
641 0.424479
642 0.424759
643 0.425041
644 0.425325
645 0.42561
646 0.425896
647 0.426184
648 0.426474
649 0.426764
650 0.427056
651 0.42735
652 0.427645
653 0.427941
654 0.428238
655 0.428537
656 0.428837
657 0.429138
658 0.429441
659 0.429744
660 0.430049
661 0.430356
662 0.430663
663 0.430971
664 0.431281
665 0.431592
666 0.431904
667 0.432217
668 0.432531
669 0.432846
670 0.433162
671 0.433479
672 0.433798
673 0.434117
674 0.434438
675 0.434759
676 0.435081
677 0.435405
678 0.435729
679 0.436054
680 0.43638
681 0.436708
682 0.437036
683 0.437364
684 0.437694
685 0.438025
686 0.438357
687 0.438689
688 0.439022
689 0.439356
690 0.439691
691 0.440027
692 0.440363
693 0.440701
694 0.441039
695 0.441377
696 0.441717
697 0.442057
698 0.442398
699 0.44274
700 0.443083
701 0.443426
702 0.44377
703 0.444114
704 0.44446
705 0.444806
706 0.445152
707 0.445499
708 0.445847
709 0.446196
710 0.446545
711 0.446894
712 0.447245
713 0.447596
714 0.447947
715 0.448299
716 0.448652
717 0.449005
718 0.449359
719 0.449713
720 0.450068
721 0.450423
722 0.450779
723 0.451136
724 0.451493
725 0.45185
726 0.452208
727 0.452566
728 0.452925
729 0.453285
730 0.453644
731 0.454005
732 0.454365
733 0.454726
734 0.455088
735 0.45545
736 0.455812
737 0.456175
738 0.456538
739 0.456902
740 0.457266
741 0.45763
742 0.457995
743 0.45836
744 0.458726
745 0.459092
746 0.459458
747 0.459825
748 0.460191
749 0.460559
750 0.460926
751 0.461294
752 0.461663
753 0.462031
754 0.4624
755 0.462769
756 0.463139
757 0.463508
758 0.463879
759 0.464249
760 0.46462
761 0.46499
762 0.465362
763 0.465733
764 0.466105
765 0.466477
766 0.466849
767 0.467221
768 0.467594
769 0.467967
770 0.46834
771 0.468714
772 0.469087
773 0.469461
774 0.469835
775 0.470209
776 0.470584
777 0.470958
778 0.471333
779 0.471708
780 0.472083
781 0.472459
782 0.472834
783 0.47321
784 0.473586
785 0.473962
786 0.474338
787 0.474715
788 0.475091
789 0.475468
790 0.475845
791 0.476222
792 0.476599
793 0.476976
794 0.477354
795 0.477731
796 0.478109
797 0.478487
798 0.478865
799 0.479243
800 0.479621
801 0.479999
802 0.480378
803 0.480756
804 0.481135
805 0.481513
806 0.481892
807 0.482271
808 0.48265
809 0.483029
810 0.483408
811 0.483787
812 0.484166
813 0.484546
814 0.484925
815 0.485305
816 0.485684
817 0.486064
818 0.486443
819 0.486823
820 0.487203
821 0.487583
822 0.487963
823 0.488343
824 0.488723
825 0.489103
826 0.489483
827 0.489863
828 0.490243
829 0.490623
830 0.491003
831 0.491383
832 0.491764
833 0.492144
834 0.492524
835 0.492904
836 0.493285
837 0.493665
838 0.494045
839 0.494426
840 0.494806
841 0.495186
842 0.495567
843 0.495947
844 0.496327
845 0.496708
846 0.497088
847 0.497468
848 0.497849
849 0.498229
850 0.498609
851 0.49899
852 0.49937
853 0.49975
854 0.50013
855 0.500511
856 0.500891
857 0.501271
858 0.501651
859 0.502031
860 0.502411
861 0.502791
862 0.503171
863 0.503551
864 0.503931
865 0.504311
866 0.504691
867 0.505071
868 0.505451
869 0.50583
870 0.50621
871 0.50659
872 0.506969
873 0.507349
874 0.507728
875 0.508108
876 0.508487
877 0.508867
878 0.509246
879 0.509625
880 0.510004
881 0.510383
882 0.510762
883 0.511141
884 0.51152
885 0.511899
886 0.512278
887 0.512657
888 0.513035
889 0.513414
890 0.513792
891 0.514171
892 0.514549
893 0.514927
894 0.515305
895 0.515684
896 0.516062
897 0.516439
898 0.516817
899 0.517195
900 0.517573
901 0.51795
902 0.518328
903 0.518705
904 0.519083
905 0.51946
906 0.519837
907 0.520214
908 0.520591
909 0.520968
910 0.521345
911 0.521722
912 0.522098
913 0.522475
914 0.522851
915 0.523228
916 0.523604
917 0.52398
918 0.524356
919 0.524732
920 0.525108
921 0.525484
922 0.525859
923 0.526235
924 0.52661
925 0.526986
926 0.527361
927 0.527736
928 0.528111
929 0.528486
930 0.528861
931 0.529235
932 0.52961
933 0.529985
934 0.530359
935 0.530733
936 0.531107
937 0.531481
938 0.531855
939 0.532229
940 0.532603
941 0.532976
942 0.53335
943 0.533723
944 0.534096
945 0.534469
946 0.534842
947 0.535215
948 0.535588
949 0.53596
950 0.536333
951 0.536705
952 0.537078
953 0.53745
954 0.537822
955 0.538194
956 0.538565
957 0.538937
958 0.539309
959 0.53968
960 0.540051
961 0.540422
962 0.540793
963 0.541164
964 0.541535
965 0.541906
966 0.542276
967 0.542646
968 0.543017
969 0.543387
970 0.543757
971 0.544127
972 0.544496
973 0.544866
974 0.545235
975 0.545605
976 0.545974
977 0.546343
978 0.546712
979 0.547081
980 0.54745
981 0.547818
982 0.548186
983 0.548555
984 0.548923
985 0.549291
986 0.549659
987 0.550026
988 0.550394
989 0.550762
990 0.551129
991 0.551496
992 0.551863
993 0.55223
994 0.552597
995 0.552963
996 0.55333
997 0.553696
998 0.554063
999 0.554429
