0 -nan
1 -4.62025
2 -3.22367
3 -2.59679
4 -2.21835
5 -1.9569
6 -1.76157
7 -1.60796
8 -1.4827
9 -1.37776
10 -1.28799
11 -1.20991
12 -1.14108
13 -1.07971
14 -1.02447
15 -0.974342
16 -0.928541
17 -0.886436
18 -0.847521
19 -0.811383
20 -0.777683
21 -0.746137
22 -0.716507
23 -0.68859
24 -0.662215
25 -0.637232
26 -0.613512
27 -0.590944
28 -0.569429
29 -0.54888
30 -0.529221
31 -0.510385
32 -0.49231
33 -0.474942
34 -0.458233
35 -0.442139
36 -0.426619
37 -0.411638
38 -0.397163
39 -0.383164
40 -0.369615
41 -0.356489
42 -0.343764
43 -0.331419
44 -0.319435
45 -0.307793
46 -0.296477
47 -0.285472
48 -0.274762
49 -0.264335
50 -0.254179
51 -0.244281
52 -0.234631
53 -0.225219
54 -0.216036
55 -0.207072
56 -0.198319
57 -0.18977
58 -0.181416
59 -0.173251
60 -0.165269
61 -0.157463
62 -0.149828
63 -0.142357
64 -0.135046
65 -0.127889
66 -0.120883
67 -0.114021
68 -0.107301
69 -0.100718
70 -0.0942687
71 -0.0879486
72 -0.0817548
73 -0.0756837
74 -0.0697322
75 -0.0638973
76 -0.0581761
77 -0.0525658
78 -0.0470637
79 -0.0416673
80 -0.0363742
81 -0.031182
82 -0.0260884
83 -0.0210914
84 -0.0161887
85 -0.0113785
86 -0.00665889
87 -0.0020279
88 0.00251618
89 0.00697508
90 0.0113505
91 0.0156439
92 0.0198569
93 0.023991
94 0.0280476
95 0.0320282
96 0.035934
97 0.0397664
98 0.0435266
99 0.0472158
100 0.0508352
101 0.0543861
102 0.0578694
103 0.0612863
104 0.0646379
105 0.0679251
106 0.071149
107 0.0743105
108 0.0774106
109 0.0804502
110 0.0834302
111 0.0863514
112 0.0892149
113 0.0920213
114 0.0947715
115 0.0974663
116 0.100107
117 0.102693
118 0.105226
119 0.107707
120 0.110136
121 0.112515
122 0.114843
123 0.117121
124 0.119351
125 0.121533
126 0.123667
127 0.125754
128 0.127794
129 0.129789
130 0.131739
131 0.133645
132 0.135507
133 0.137325
134 0.139101
135 0.140835
136 0.142527
137 0.144178
138 0.145789
139 0.14736
140 0.148891
141 0.150384
142 0.151838
143 0.153255
144 0.154635
145 0.155978
146 0.157284
147 0.158555
148 0.159791
149 0.160992
150 0.162159
151 0.163293
152 0.164393
153 0.165461
154 0.166496
155 0.1675
156 0.168472
157 0.169414
158 0.170325
159 0.171207
160 0.172059
161 0.172882
162 0.173677
163 0.174445
164 0.175184
165 0.175897
166 0.176583
167 0.177243
168 0.177877
169 0.178486
170 0.179071
171 0.179631
172 0.180167
173 0.18068
174 0.18117
175 0.181637
176 0.182083
177 0.182506
178 0.182909
179 0.18329
180 0.183651
181 0.183993
182 0.184314
183 0.184617
184 0.184901
185 0.185167
186 0.185414
187 0.185645
188 0.185858
189 0.186055
190 0.186235
191 0.1864
192 0.186549
193 0.186684
194 0.186803
195 0.186909
196 0.187
197 0.187078
198 0.187144
199 0.187196
200 0.187236
201 0.187264
202 0.18728
203 0.187286
204 0.18728
205 0.187264
206 0.187238
207 0.187202
208 0.187157
209 0.187102
210 0.187039
211 0.186967
212 0.186888
213 0.1868
214 0.186706
215 0.186604
216 0.186495
217 0.18638
218 0.186259
219 0.186132
220 0.186
221 0.185862
222 0.18572
223 0.185573
224 0.185421
225 0.185266
226 0.185106
227 0.184944
228 0.184778
229 0.184609
230 0.184437
231 0.184263
232 0.184087
233 0.183908
234 0.183729
235 0.183547
236 0.183365
237 0.183181
238 0.182997
239 0.182812
240 0.182627
241 0.182442
242 0.182257
243 0.182072
244 0.181888
245 0.181704
246 0.181521
247 0.18134
248 0.181159
249 0.18098
250 0.180803
251 0.180627
252 0.180454
253 0.180282
254 0.180113
255 0.179946
256 0.179781
257 0.179619
258 0.17946
259 0.179304
260 0.179151
261 0.179002
262 0.178855
263 0.178712
264 0.178572
265 0.178436
266 0.178304
267 0.178176
268 0.178051
269 0.177931
270 0.177815
271 0.177702
272 0.177594
273 0.177491
274 0.177392
275 0.177297
276 0.177207
277 0.177121
278 0.17704
279 0.176964
280 0.176893
281 0.176826
282 0.176764
283 0.176707
284 0.176655
285 0.176608
286 0.176566
287 0.176529
288 0.176497
289 0.17647
290 0.176448
291 0.176431
292 0.176419
293 0.176412
294 0.176411
295 0.176414
296 0.176423
297 0.176437
298 0.176456
299 0.17648
300 0.176509
301 0.176544
302 0.176583
303 0.176628
304 0.176677
305 0.176732
306 0.176792
307 0.176856
308 0.176926
309 0.177001
310 0.177081
311 0.177165
312 0.177255
313 0.177349
314 0.177448
315 0.177552
316 0.177661
317 0.177775
318 0.177893
319 0.178016
320 0.178143
321 0.178276
322 0.178412
323 0.178554
324 0.178699
325 0.178849
326 0.179004
327 0.179163
328 0.179326
329 0.179494
330 0.179665
331 0.179841
332 0.180021
333 0.180205
334 0.180393
335 0.180585
336 0.180781
337 0.180981
338 0.181184
339 0.181392
340 0.181603
341 0.181817
342 0.182036
343 0.182258
344 0.182483
345 0.182712
346 0.182945
347 0.18318
348 0.18342
349 0.183662
350 0.183907
351 0.184156
352 0.184408
353 0.184663
354 0.184921
355 0.185182
356 0.185445
357 0.185712
358 0.185981
359 0.186254
360 0.186529
361 0.186806
362 0.187086
363 0.187369
364 0.187654
365 0.187942
366 0.188232
367 0.188525
368 0.18882
369 0.189117
370 0.189416
371 0.189717
372 0.190021
373 0.190327
374 0.190635
375 0.190944
376 0.191256
377 0.19157
378 0.191885
379 0.192203
380 0.192522
381 0.192843
382 0.193165
383 0.19349
384 0.193816
385 0.194143
386 0.194472
387 0.194803
388 0.195135
389 0.195468
390 0.195803
391 0.196139
392 0.196476
393 0.196815
394 0.197155
395 0.197496
396 0.197838
397 0.198182
398 0.198527
399 0.198872
400 0.199219
401 0.199567
402 0.199915
403 0.200265
404 0.200615
405 0.200967
406 0.201319
407 0.201672
408 0.202026
409 0.202381
410 0.202736
411 0.203092
412 0.203449
413 0.203806
414 0.204164
415 0.204523
416 0.204882
417 0.205242
418 0.205603
419 0.205963
420 0.206325
421 0.206687
422 0.207049
423 0.207411
424 0.207775
425 0.208138
426 0.208502
427 0.208866
428 0.20923
429 0.209595
430 0.20996
431 0.210325
432 0.210691
433 0.211057
434 0.211423
435 0.211789
436 0.212155
437 0.212521
438 0.212888
439 0.213255
440 0.213622
441 0.213988
442 0.214355
443 0.214723
444 0.21509
445 0.215457
446 0.215824
447 0.216191
448 0.216558
449 0.216925
450 0.217292
451 0.21766
452 0.218027
453 0.218394
454 0.21876
455 0.219127
456 0.219494
457 0.219861
458 0.220227
459 0.220593
460 0.22096
461 0.221326
462 0.221692
463 0.222057
464 0.222423
465 0.222789
466 0.223154
467 0.223519
468 0.223884
469 0.224248
470 0.224613
471 0.224977
472 0.225341
473 0.225705
474 0.226068
475 0.226431
476 0.226795
477 0.227157
478 0.22752
479 0.227882
480 0.228244
481 0.228606
482 0.228967
483 0.229328
484 0.229689
485 0.230049
486 0.23041
487 0.23077
488 0.231129
489 0.231489
490 0.231847
491 0.232206
492 0.232565
493 0.232923
494 0.23328
495 0.233638
496 0.233995
497 0.234351
498 0.234708
499 0.235064
500 0.235419
501 0.235775
502 0.23613
503 0.236484
504 0.236839
505 0.237192
506 0.237546
507 0.237899
508 0.238252
509 0.238605
510 0.238957
511 0.239309
512 0.23966
513 0.240011
514 0.240362
515 0.240712
516 0.241062
517 0.241412
518 0.241761
519 0.24211
520 0.242458
521 0.242806
522 0.243154
523 0.243501
524 0.243848
525 0.244195
526 0.244541
527 0.244887
528 0.245233
529 0.245578
530 0.245923
531 0.246267
532 0.246611
533 0.246955
534 0.247298
535 0.247641
536 0.247984
537 0.248326
538 0.248668
539 0.249009
540 0.249351
541 0.249691
542 0.250032
543 0.250372
544 0.250711
545 0.251051
546 0.25139
547 0.251728
548 0.252066
549 0.252404
550 0.252742
551 0.253079
552 0.253416
553 0.253752
554 0.254088
555 0.254424
556 0.254759
557 0.255094
558 0.255429
559 0.255763
560 0.256097
561 0.256431
562 0.256764
563 0.257097
564 0.25743
565 0.257762
566 0.258094
567 0.258425
568 0.258757
569 0.259087
570 0.259418
571 0.259748
572 0.260078
573 0.260408
574 0.260737
575 0.261066
576 0.261394
577 0.261722
578 0.26205
579 0.262378
580 0.262705
581 0.263032
582 0.263358
583 0.263685
584 0.264011
585 0.264336
586 0.264662
587 0.264987
588 0.265311
589 0.265636
590 0.26596
591 0.266283
592 0.266607
593 0.26693
594 0.267253
595 0.267575
596 0.267897
597 0.268219
598 0.268541
599 0.268862
600 0.269183
601 0.269504
602 0.269824
603 0.270144
604 0.270464
605 0.270784
606 0.271103
607 0.271422
608 0.271741
609 0.272059
610 0.272377
611 0.272695
612 0.273012
613 0.273329
614 0.273646
615 0.273963
616 0.274279
617 0.274596
618 0.274911
619 0.275227
620 0.275542
621 0.275857
622 0.276172
623 0.276486
624 0.276801
625 0.277115
626 0.277428
627 0.277742
628 0.278055
629 0.278368
630 0.27868
631 0.278993
632 0.279305
633 0.279617
634 0.279928
635 0.28024
636 0.280551
637 0.280861
638 0.281172
639 0.281482
640 0.281792
641 0.282102
642 0.282412
643 0.282721
644 0.28303
645 0.283339
646 0.283648
647 0.283956
648 0.284264
649 0.284572
650 0.28488
651 0.285187
652 0.285494
653 0.285801
654 0.286108
655 0.286414
656 0.286721
657 0.287027
658 0.287332
659 0.287638
660 0.287943
661 0.288248
662 0.288553
663 0.288858
664 0.289162
665 0.289466
666 0.28977
667 0.290074
668 0.290378
669 0.290681
670 0.290984
671 0.291287
672 0.29159
673 0.291892
674 0.292194
675 0.292496
676 0.292798
677 0.2931
678 0.293401
679 0.293702
680 0.294003
681 0.294304
682 0.294605
683 0.294905
684 0.295205
685 0.295505
686 0.295805
687 0.296104
688 0.296403
689 0.296703
690 0.297001
691 0.2973
692 0.297599
693 0.297897
694 0.298195
695 0.298493
696 0.298791
697 0.299088
698 0.299386
699 0.299683
700 0.29998
701 0.300277
702 0.300573
703 0.300869
704 0.301166
705 0.301462
706 0.301757
707 0.302053
708 0.302349
709 0.302644
710 0.302939
711 0.303234
712 0.303528
713 0.303823
714 0.304117
715 0.304411
716 0.304705
717 0.304999
718 0.305293
719 0.305586
720 0.305879
721 0.306173
722 0.306465
723 0.306758
724 0.307051
725 0.307343
726 0.307635
727 0.307927
728 0.308219
729 0.308511
730 0.308802
731 0.309094
732 0.309385
733 0.309676
734 0.309967
735 0.310257
736 0.310548
737 0.310838
738 0.311128
739 0.311418
740 0.311708
741 0.311998
742 0.312287
743 0.312576
744 0.312866
745 0.313155
746 0.313443
747 0.313732
748 0.314021
749 0.314309
750 0.314597
751 0.314885
752 0.315173
753 0.315461
754 0.315748
755 0.316036
756 0.316323
757 0.31661
758 0.316897
759 0.317184
760 0.31747
761 0.317757
762 0.318043
763 0.318329
764 0.318615
765 0.318901
766 0.319187
767 0.319472
768 0.319758
769 0.320043
770 0.320328
771 0.320613
772 0.320898
773 0.321182
774 0.321467
775 0.321751
776 0.322035
777 0.322319
778 0.322603
779 0.322887
780 0.32317
781 0.323454
782 0.323737
783 0.32402
784 0.324303
785 0.324586
786 0.324869
787 0.325152
788 0.325434
789 0.325716
790 0.325998
791 0.32628
792 0.326562
793 0.326844
794 0.327126
795 0.327407
796 0.327688
797 0.32797
798 0.328251
799 0.328532
800 0.328812
801 0.329093
802 0.329373
803 0.329654
804 0.329934
805 0.330214
806 0.330494
807 0.330774
808 0.331053
809 0.331333
810 0.331612
811 0.331892
812 0.332171
813 0.33245
814 0.332729
815 0.333007
816 0.333286
817 0.333564
818 0.333843
819 0.334121
820 0.334399
821 0.334677
822 0.334955
823 0.335233
824 0.33551
825 0.335788
826 0.336065
827 0.336342
828 0.336619
829 0.336896
830 0.337173
831 0.337449
832 0.337726
833 0.338002
834 0.338279
835 0.338555
836 0.338831
837 0.339107
838 0.339383
839 0.339658
840 0.339934
841 0.340209
842 0.340484
843 0.34076
844 0.341035
845 0.34131
846 0.341584
847 0.341859
848 0.342134
849 0.342408
850 0.342682
851 0.342957
852 0.343231
853 0.343505
854 0.343778
855 0.344052
856 0.344326
857 0.344599
858 0.344873
859 0.345146
860 0.345419
861 0.345692
862 0.345965
863 0.346237
864 0.34651
865 0.346783
866 0.347055
867 0.347327
868 0.3476
869 0.347872
870 0.348144
871 0.348415
872 0.348687
873 0.348959
874 0.34923
875 0.349501
876 0.349773
877 0.350044
878 0.350315
879 0.350586
880 0.350857
881 0.351127
882 0.351398
883 0.351668
884 0.351939
885 0.352209
886 0.352479
887 0.352749
888 0.353019
889 0.353289
890 0.353558
891 0.353828
892 0.354097
893 0.354367
894 0.354636
895 0.354905
896 0.355174
897 0.355443
898 0.355712
899 0.355981
900 0.356249
901 0.356518
902 0.356786
903 0.357054
904 0.357322
905 0.35759
906 0.357858
907 0.358126
908 0.358394
909 0.358662
910 0.358929
911 0.359196
912 0.359464
913 0.359731
914 0.359998
915 0.360265
916 0.360532
917 0.360799
918 0.361065
919 0.361332
920 0.361598
921 0.361865
922 0.362131
923 0.362397
924 0.362663
925 0.362929
926 0.363195
927 0.363461
928 0.363726
929 0.363992
930 0.364257
931 0.364523
932 0.364788
933 0.365053
934 0.365318
935 0.365583
936 0.365848
937 0.366112
938 0.366377
939 0.366642
940 0.366906
941 0.36717
942 0.367435
943 0.367699
944 0.367963
945 0.368227
946 0.36849
947 0.368754
948 0.369018
949 0.369281
950 0.369545
951 0.369808
952 0.370071
953 0.370334
954 0.370597
955 0.37086
956 0.371123
957 0.371386
958 0.371649
959 0.371911
960 0.372174
961 0.372436
962 0.372698
963 0.37296
964 0.373222
965 0.373484
966 0.373746
967 0.374008
968 0.37427
969 0.374531
970 0.374793
971 0.375054
972 0.375316
973 0.375577
974 0.375838
975 0.376099
976 0.37636
977 0.376621
978 0.376881
979 0.377142
980 0.377403
981 0.377663
982 0.377923
983 0.378184
984 0.378444
985 0.378704
986 0.378964
987 0.379224
988 0.379484
989 0.379743
990 0.380003
991 0.380263
992 0.380522
993 0.380781
994 0.381041
995 0.3813
996 0.381559
997 0.381818
998 0.382077
999 0.382336
